/*--------------------------------*- C++ -*----------------------------------*\
| =========                 |                                                 |
| \\      /  F ield         | OpenFOAM: The Open Source CFD Toolbox           |
|  \\    /   O peration     | Version:  2206                                  |
|   \\  /    A nd           | Website:  www.openfoam.com                      |
|    \\/     M anipulation  |                                                 |
\*---------------------------------------------------------------------------*/
FoamFile
{
    version     2.0;
    format      ascii;
    arch        "LSB;label=32;scalar=64";
    note        "nPoints:12212  nCells:6272  nFaces:24476  nInternalFaces:13804";
    class       labelList;
    location    "0.05/polyMesh";
    object      neighbour;
}
// * * * * * * * * * * * * * * * * * * * * * * * * * * * * * * * * * * * * * //


13804
(
1
40
2
41
3
42
4
43
5
44
6
45
7
46
8
47
9
48
10
49
11
50
12
51
13
52
14
53
15
54
16
55
17
56
18
57
19
58
20
59
21
60
22
61
23
62
24
63
25
64
26
65
27
66
28
67
29
68
30
69
31
70
32
71
33
72
34
73
35
74
36
75
37
76
38
77
39
78
79
41
80
42
81
43
82
44
83
45
84
46
85
47
86
48
87
49
88
50
89
51
90
52
91
53
92
54
93
55
94
56
95
57
96
58
97
59
98
60
99
61
100
62
101
63
102
64
103
65
104
66
105
67
106
68
107
69
108
70
109
71
110
72
111
73
112
74
113
75
114
76
115
77
116
78
117
79
118
119
81
120
82
121
83
122
84
123
85
124
86
125
87
126
88
127
89
128
90
129
91
130
92
131
93
132
94
133
95
134
96
135
97
136
98
137
99
138
100
139
101
140
102
141
103
142
104
143
105
144
106
145
107
146
108
147
109
148
110
149
111
150
112
151
113
152
114
153
115
154
116
155
117
156
118
157
119
158
159
121
160
122
161
123
162
124
163
125
164
126
165
127
166
128
167
129
168
130
169
131
170
132
171
133
172
134
173
135
174
136
175
137
176
138
177
139
178
140
179
141
180
142
181
143
182
144
183
145
184
146
185
147
186
148
187
149
188
150
189
151
190
152
191
153
192
154
193
155
194
156
195
157
196
158
197
159
198
199
161
200
162
201
163
202
164
203
165
204
166
205
167
206
168
207
169
208
170
209
171
210
172
211
173
212
174
213
175
214
176
215
177
216
178
217
179
218
180
219
181
220
182
221
183
222
184
223
185
224
186
225
187
226
188
227
189
228
190
229
191
230
192
231
193
232
194
233
195
234
196
235
197
236
198
237
199
238
239
201
240
202
241
203
242
204
243
205
244
206
245
207
246
208
247
209
248
210
249
211
250
212
251
213
252
214
253
215
254
216
255
217
256
218
257
219
258
220
259
221
260
222
261
223
262
224
263
225
264
226
265
227
266
228
267
229
268
230
269
231
270
232
271
233
272
234
273
235
274
236
275
237
276
238
277
239
278
279
241
280
242
281
243
282
244
283
245
284
246
285
247
286
248
287
249
288
250
289
251
290
252
291
253
292
254
293
255
294
256
295
257
296
258
297
259
298
260
299
261
300
262
301
263
302
264
303
265
304
266
305
267
306
268
307
269
308
270
309
271
310
272
311
273
312
274
313
275
314
276
315
277
316
278
317
279
318
319
281
320
282
321
283
322
284
323
285
324
286
325
287
326
288
327
289
328
290
329
291
330
292
331
293
332
294
333
295
334
296
335
297
336
298
337
299
338
300
339
301
340
302
341
303
342
304
343
305
344
306
345
307
346
308
347
309
348
310
349
311
350
312
351
313
352
314
353
315
354
316
355
317
356
318
357
319
358
359
321
360
322
361
323
362
324
363
325
364
326
365
327
366
328
367
329
368
330
369
331
370
332
371
333
372
334
373
335
374
336
375
337
376
338
377
339
378
340
379
341
380
342
381
343
382
344
383
345
384
346
385
347
386
348
387
349
388
350
389
351
390
352
391
353
392
354
393
355
394
356
395
357
396
358
397
359
398
399
361
400
362
401
363
402
364
403
365
404
366
405
367
406
368
407
369
408
370
409
371
410
372
411
373
412
374
413
375
414
376
415
377
416
378
417
379
418
380
419
381
420
382
421
383
422
384
423
385
424
386
425
387
426
388
427
389
428
390
429
391
430
392
431
393
432
394
433
395
434
396
435
397
436
398
437
399
438
439
401
440
402
441
403
442
404
443
405
444
406
445
407
446
408
447
409
448
410
449
411
450
412
451
413
452
414
453
415
454
416
455
417
456
418
457
419
458
420
459
421
460
422
461
423
462
424
463
425
464
426
465
427
466
428
467
429
468
430
469
431
470
432
471
433
472
434
473
435
474
436
475
437
476
438
477
439
478
479
441
480
442
481
443
482
444
483
445
484
446
485
447
486
448
487
449
488
450
489
451
490
452
491
453
492
454
493
455
494
456
495
457
496
458
497
459
498
460
499
461
500
462
501
463
502
464
503
465
504
466
505
467
506
468
507
469
508
470
509
471
510
472
511
473
512
474
513
475
514
476
515
477
516
478
517
479
518
519
481
520
482
521
483
522
484
523
485
524
486
525
487
526
488
527
489
528
490
529
491
530
492
531
493
532
494
533
495
534
496
535
497
536
498
537
499
538
500
539
501
540
502
541
503
542
504
543
505
544
506
545
507
546
508
547
509
548
510
549
511
550
512
551
513
552
514
553
515
554
516
555
517
556
518
557
519
558
559
521
560
522
561
523
562
524
563
525
564
526
565
527
566
528
567
529
568
530
569
531
570
532
571
533
572
534
573
535
574
536
575
537
576
538
577
539
578
540
579
541
580
542
581
543
582
544
583
545
584
546
585
547
586
548
587
549
588
550
589
551
590
552
591
553
592
554
593
555
594
556
595
557
596
558
597
559
598
599
561
600
562
601
563
602
564
603
565
604
566
605
567
606
568
607
569
608
570
609
571
610
572
611
573
612
574
613
575
614
576
615
577
616
578
617
579
618
580
619
581
620
582
621
583
622
584
623
585
624
586
625
587
626
588
627
589
628
590
629
591
630
592
631
593
632
594
633
595
634
596
635
597
636
598
637
599
638
639
601
640
602
641
603
642
604
643
605
644
606
645
607
646
608
647
609
648
610
649
611
650
612
651
613
652
614
653
615
654
616
655
617
656
618
657
619
658
620
659
621
660
622
661
623
662
624
663
625
664
626
665
627
666
628
667
629
668
630
669
631
670
632
671
633
672
634
673
635
674
636
675
637
676
638
677
639
678
679
641
680
642
681
643
682
644
683
645
684
646
685
647
686
648
687
649
688
650
689
651
690
652
691
653
692
654
693
655
694
656
695
657
696
658
697
659
698
660
699
661
700
662
701
663
702
664
703
665
704
666
705
667
706
668
707
669
708
670
709
671
710
672
711
673
712
674
713
675
714
676
715
677
716
678
717
679
718
719
681
1440
682
1441
683
1442
684
1443
685
1444
686
1445
687
1446
688
1447
689
1448
690
1449
691
1450
692
1451
693
1452
694
1453
695
1454
696
1455
697
1456
698
1457
699
1458
700
1459
701
1460
702
1461
703
1462
704
1463
705
1464
706
1465
707
1466
708
1467
709
1468
710
1469
711
1470
712
1471
713
1472
714
1473
715
1474
716
1475
717
1476
718
1477
719
1478
1479
721
738
1479
722
739
723
740
724
741
725
742
726
743
727
744
728
745
729
746
730
747
731
748
732
749
733
750
734
751
735
752
736
753
737
754
755
739
756
1519
740
757
741
758
742
759
743
760
744
761
745
762
746
763
747
764
748
765
749
766
750
767
751
768
752
769
753
770
754
771
755
772
773
757
774
1559
758
775
759
776
760
777
761
778
762
779
763
780
764
781
765
782
766
783
767
784
768
785
769
786
770
787
771
788
772
789
773
790
791
775
792
1599
776
793
777
794
778
795
779
796
780
797
781
798
782
799
783
800
784
801
785
802
786
803
787
804
788
805
789
806
790
807
791
808
809
793
810
1639
794
811
795
812
796
813
797
814
798
815
799
816
800
817
801
818
802
819
803
820
804
821
805
822
806
823
807
824
808
825
809
826
827
811
828
1679
812
829
813
830
814
831
815
832
816
833
817
834
818
835
819
836
820
837
821
838
822
839
823
840
824
841
825
842
826
843
827
844
845
829
846
1719
830
847
831
848
832
849
833
850
834
851
835
852
836
853
837
854
838
855
839
856
840
857
841
858
842
859
843
860
844
861
845
862
863
847
864
1759
848
865
849
866
850
867
851
868
852
869
853
870
854
871
855
872
856
873
857
874
858
875
859
876
860
877
861
878
862
879
863
880
881
865
882
1799
866
883
867
884
868
885
869
886
870
887
871
888
872
889
873
890
874
891
875
892
876
893
877
894
878
895
879
896
880
897
881
898
899
883
900
1839
884
901
885
902
886
903
887
904
888
905
889
906
890
907
891
908
892
909
893
910
894
911
895
912
896
913
897
914
898
915
899
916
917
901
918
1879
902
919
903
920
904
921
905
922
906
923
907
924
908
925
909
926
910
927
911
928
912
929
913
930
914
931
915
932
916
933
917
934
935
919
936
1919
920
937
921
938
922
939
923
940
924
941
925
942
926
943
927
944
928
945
929
946
930
947
931
948
932
949
933
950
934
951
935
952
953
937
954
1959
938
955
939
956
940
957
941
958
942
959
943
960
944
961
945
962
946
963
947
964
948
965
949
966
950
967
951
968
952
969
953
970
971
955
972
1999
956
973
957
974
958
975
959
976
960
977
961
978
962
979
963
980
964
981
965
982
966
983
967
984
968
985
969
986
970
987
971
988
989
973
990
2039
974
991
975
992
976
993
977
994
978
995
979
996
980
997
981
998
982
999
983
1000
984
1001
985
1002
986
1003
987
1004
988
1005
989
1006
1007
991
1008
2079
992
1009
993
1010
994
1011
995
1012
996
1013
997
1014
998
1015
999
1016
1000
1017
1001
1018
1002
1019
1003
1020
1004
1021
1005
1022
1006
1023
1007
1024
1025
1009
1026
2117
1010
1027
1011
1028
1012
1029
1013
1030
1014
1031
1015
1032
1016
1033
1017
1034
1018
1035
1019
1036
1020
1037
1021
1038
1022
1039
1023
1040
1024
1041
1025
1042
1043
1027
1044
2152
1028
1045
1029
1046
1030
1047
1031
1048
1032
1049
1033
1050
1034
1051
1035
1052
1036
1053
1037
1054
1038
1055
1039
1056
1040
1057
1041
1058
1042
1059
1043
1060
1061
1045
1062
2185
1046
1063
1047
1064
1048
1065
1049
1066
1050
1067
1051
1068
1052
1069
1053
1070
1054
1071
1055
1072
1056
1073
1057
1074
1058
1075
1059
1076
1060
1077
1061
1078
1079
1063
1080
2217
1064
1081
1065
1082
1066
1083
1067
1084
1068
1085
1069
1086
1070
1087
1071
1088
1072
1089
1073
1090
1074
1091
1075
1092
1076
1093
1077
1094
1078
1095
1079
1096
1097
1081
1098
2249
1082
1099
1083
1100
1084
1101
1085
1102
1086
1103
1087
1104
1088
1105
1089
1106
1090
1107
1091
1108
1092
1109
1093
1110
1094
1111
1095
1112
1096
1113
1097
1114
1115
1099
1116
2282
1100
1117
1101
1118
1102
1119
1103
1120
1104
1121
1105
1122
1106
1123
1107
1124
1108
1125
1109
1126
1110
1127
1111
1128
1112
1129
1113
1130
1114
1131
1115
1132
1133
1117
1134
2315
1118
1135
1119
1136
1120
1137
1121
1138
1122
1139
1123
1140
1124
1141
1125
1142
1126
1143
1127
1144
1128
1145
1129
1146
1130
1147
1131
1148
1132
1149
1133
1150
1151
1135
1152
2350
1136
1153
1137
1154
1138
1155
1139
1156
1140
1157
1141
1158
1142
1159
1143
1160
1144
1161
1145
1162
1146
1163
1147
1164
1148
1165
1149
1166
1150
1167
1151
1168
1169
1153
1170
2390
1154
1171
1155
1172
1156
1173
1157
1174
1158
1175
1159
1176
1160
1177
1161
1178
1162
1179
1163
1180
1164
1181
1165
1182
1166
1183
1167
1184
1168
1185
1169
1186
1187
1171
1188
2430
1172
1189
1173
1190
1174
1191
1175
1192
1176
1193
1177
1194
1178
1195
1179
1196
1180
1197
1181
1198
1182
1199
1183
1200
1184
1201
1185
1202
1186
1203
1187
1204
1205
1189
1206
2470
1190
1207
1191
1208
1192
1209
1193
1210
1194
1211
1195
1212
1196
1213
1197
1214
1198
1215
1199
1216
1200
1217
1201
1218
1202
1219
1203
1220
1204
1221
1205
1222
1223
1207
1224
2510
1208
1225
1209
1226
1210
1227
1211
1228
1212
1229
1213
1230
1214
1231
1215
1232
1216
1233
1217
1234
1218
1235
1219
1236
1220
1237
1221
1238
1222
1239
1223
1240
1241
1225
1242
2550
1226
1243
1227
1244
1228
1245
1229
1246
1230
1247
1231
1248
1232
1249
1233
1250
1234
1251
1235
1252
1236
1253
1237
1254
1238
1255
1239
1256
1240
1257
1241
1258
1259
1243
1260
2590
1244
1261
1245
1262
1246
1263
1247
1264
1248
1265
1249
1266
1250
1267
1251
1268
1252
1269
1253
1270
1254
1271
1255
1272
1256
1273
1257
1274
1258
1275
1259
1276
1277
1261
1278
2630
1262
1279
1263
1280
1264
1281
1265
1282
1266
1283
1267
1284
1268
1285
1269
1286
1270
1287
1271
1288
1272
1289
1273
1290
1274
1291
1275
1292
1276
1293
1277
1294
1295
1279
1296
2670
1280
1297
1281
1298
1282
1299
1283
1300
1284
1301
1285
1302
1286
1303
1287
1304
1288
1305
1289
1306
1290
1307
1291
1308
1292
1309
1293
1310
1294
1311
1295
1312
1313
1297
1314
2710
1298
1315
1299
1316
1300
1317
1301
1318
1302
1319
1303
1320
1304
1321
1305
1322
1306
1323
1307
1324
1308
1325
1309
1326
1310
1327
1311
1328
1312
1329
1313
1330
1331
1315
1332
2750
1316
1333
1317
1334
1318
1335
1319
1336
1320
1337
1321
1338
1322
1339
1323
1340
1324
1341
1325
1342
1326
1343
1327
1344
1328
1345
1329
1346
1330
1347
1331
1348
1349
1333
1350
2790
1334
1351
1335
1352
1336
1353
1337
1354
1338
1355
1339
1356
1340
1357
1341
1358
1342
1359
1343
1360
1344
1361
1345
1362
1346
1363
1347
1364
1348
1365
1349
1366
1367
1351
1368
2830
1352
1369
1353
1370
1354
1371
1355
1372
1356
1373
1357
1374
1358
1375
1359
1376
1360
1377
1361
1378
1362
1379
1363
1380
1364
1381
1365
1382
1366
1383
1367
1384
1385
1369
1386
2870
1370
1387
1371
1388
1372
1389
1373
1390
1374
1391
1375
1392
1376
1393
1377
1394
1378
1395
1379
1396
1380
1397
1381
1398
1382
1399
1383
1400
1384
1401
1385
1402
1403
1387
1404
2910
1388
1405
1389
1406
1390
1407
1391
1408
1392
1409
1393
1410
1394
1411
1395
1412
1396
1413
1397
1414
1398
1415
1399
1416
1400
1417
1401
1418
1402
1419
1403
1420
1421
1405
1422
2950
1406
1423
1407
1424
1408
1425
1409
1426
1410
1427
1411
1428
1412
1429
1413
1430
1414
1431
1415
1432
1416
1433
1417
1434
1418
1435
1419
1436
1420
1437
1421
1438
1439
1423
2990
1424
1425
1426
1427
1428
1429
1430
1431
1432
1433
1434
1435
1436
1437
1438
1439
1441
1480
3008
1442
1481
1443
1482
1444
1483
1445
1484
1446
1485
1447
1486
1448
1487
1449
1488
1450
1489
1451
1490
1452
1491
1453
1492
1454
1493
1455
1494
1456
1495
1457
1496
1458
1497
1459
1498
1460
1499
1461
1500
1462
1501
1463
1502
1464
1503
1465
1504
1466
1505
1467
1506
1468
1507
1469
1508
1470
1509
1471
1510
1472
1511
1473
1512
1474
1513
1475
1514
1476
1515
1477
1516
1478
1517
1479
1518
1519
1481
1520
3026
1482
1521
1483
1522
1484
1523
1485
1524
1486
1525
1487
1526
1488
1527
1489
1528
1490
1529
1491
1530
1492
1531
1493
1532
1494
1533
1495
1534
1496
1535
1497
1536
1498
1537
1499
1538
1500
1539
1501
1540
1502
1541
1503
1542
1504
1543
1505
1544
1506
1545
1507
1546
1508
1547
1509
1548
1510
1549
1511
1550
1512
1551
1513
1552
1514
1553
1515
1554
1516
1555
1517
1556
1518
1557
1519
1558
1559
1521
1560
3044
1522
1561
1523
1562
1524
1563
1525
1564
1526
1565
1527
1566
1528
1567
1529
1568
1530
1569
1531
1570
1532
1571
1533
1572
1534
1573
1535
1574
1536
1575
1537
1576
1538
1577
1539
1578
1540
1579
1541
1580
1542
1581
1543
1582
1544
1583
1545
1584
1546
1585
1547
1586
1548
1587
1549
1588
1550
1589
1551
1590
1552
1591
1553
1592
1554
1593
1555
1594
1556
1595
1557
1596
1558
1597
1559
1598
1599
1561
1600
3062
1562
1601
1563
1602
1564
1603
1565
1604
1566
1605
1567
1606
1568
1607
1569
1608
1570
1609
1571
1610
1572
1611
1573
1612
1574
1613
1575
1614
1576
1615
1577
1616
1578
1617
1579
1618
1580
1619
1581
1620
1582
1621
1583
1622
1584
1623
1585
1624
1586
1625
1587
1626
1588
1627
1589
1628
1590
1629
1591
1630
1592
1631
1593
1632
1594
1633
1595
1634
1596
1635
1597
1636
1598
1637
1599
1638
1639
1601
1640
3080
1602
1641
1603
1642
1604
1643
1605
1644
1606
1645
1607
1646
1608
1647
1609
1648
1610
1649
1611
1650
1612
1651
1613
1652
1614
1653
1615
1654
1616
1655
1617
1656
1618
1657
1619
1658
1620
1659
1621
1660
1622
1661
1623
1662
1624
1663
1625
1664
1626
1665
1627
1666
1628
1667
1629
1668
1630
1669
1631
1670
1632
1671
1633
1672
1634
1673
1635
1674
1636
1675
1637
1676
1638
1677
1639
1678
1679
1641
1680
3098
1642
1681
1643
1682
1644
1683
1645
1684
1646
1685
1647
1686
1648
1687
1649
1688
1650
1689
1651
1690
1652
1691
1653
1692
1654
1693
1655
1694
1656
1695
1657
1696
1658
1697
1659
1698
1660
1699
1661
1700
1662
1701
1663
1702
1664
1703
1665
1704
1666
1705
1667
1706
1668
1707
1669
1708
1670
1709
1671
1710
1672
1711
1673
1712
1674
1713
1675
1714
1676
1715
1677
1716
1678
1717
1679
1718
1719
1681
1720
3116
1682
1721
1683
1722
1684
1723
1685
1724
1686
1725
1687
1726
1688
1727
1689
1728
1690
1729
1691
1730
1692
1731
1693
1732
1694
1733
1695
1734
1696
1735
1697
1736
1698
1737
1699
1738
1700
1739
1701
1740
1702
1741
1703
1742
1704
1743
1705
1744
1706
1745
1707
1746
1708
1747
1709
1748
1710
1749
1711
1750
1712
1751
1713
1752
1714
1753
1715
1754
1716
1755
1717
1756
1718
1757
1719
1758
1759
1721
1760
3134
1722
1761
1723
1762
1724
1763
1725
1764
1726
1765
1727
1766
1728
1767
1729
1768
1730
1769
1731
1770
1732
1771
1733
1772
1734
1773
1735
1774
1736
1775
1737
1776
1738
1777
1739
1778
1740
1779
1741
1780
1742
1781
1743
1782
1744
1783
1745
1784
1746
1785
1747
1786
1748
1787
1749
1788
1750
1789
1751
1790
1752
1791
1753
1792
1754
1793
1755
1794
1756
1795
1757
1796
1758
1797
1759
1798
1799
1761
1800
3152
1762
1801
1763
1802
1764
1803
1765
1804
1766
1805
1767
1806
1768
1807
1769
1808
1770
1809
1771
1810
1772
1811
1773
1812
1774
1813
1775
1814
1776
1815
1777
1816
1778
1817
1779
1818
1780
1819
1781
1820
1782
1821
1783
1822
1784
1823
1785
1824
1786
1825
1787
1826
1788
1827
1789
1828
1790
1829
1791
1830
1792
1831
1793
1832
1794
1833
1795
1834
1796
1835
1797
1836
1798
1837
1799
1838
1839
1801
1840
3170
1802
1841
1803
1842
1804
1843
1805
1844
1806
1845
1807
1846
1808
1847
1809
1848
1810
1849
1811
1850
1812
1851
1813
1852
1814
1853
1815
1854
1816
1855
1817
1856
1818
1857
1819
1858
1820
1859
1821
1860
1822
1861
1823
1862
1824
1863
1825
1864
1826
1865
1827
1866
1828
1867
1829
1868
1830
1869
1831
1870
1832
1871
1833
1872
1834
1873
1835
1874
1836
1875
1837
1876
1838
1877
1839
1878
1879
1841
1880
3188
1842
1881
1843
1882
1844
1883
1845
1884
1846
1885
1847
1886
1848
1887
1849
1888
1850
1889
1851
1890
1852
1891
1853
1892
1854
1893
1855
1894
1856
1895
1857
1896
1858
1897
1859
1898
1860
1899
1861
1900
1862
1901
1863
1902
1864
1903
1865
1904
1866
1905
1867
1906
1868
1907
1869
1908
1870
1909
1871
1910
1872
1911
1873
1912
1874
1913
1875
1914
1876
1915
1877
1916
1878
1917
1879
1918
1919
1881
1920
3206
1882
1921
1883
1922
1884
1923
1885
1924
1886
1925
1887
1926
1888
1927
1889
1928
1890
1929
1891
1930
1892
1931
1893
1932
1894
1933
1895
1934
1896
1935
1897
1936
1898
1937
1899
1938
1900
1939
1901
1940
1902
1941
1903
1942
1904
1943
1905
1944
1906
1945
1907
1946
1908
1947
1909
1948
1910
1949
1911
1950
1912
1951
1913
1952
1914
1953
1915
1954
1916
1955
1917
1956
1918
1957
1919
1958
1959
1921
1960
3224
1922
1961
1923
1962
1924
1963
1925
1964
1926
1965
1927
1966
1928
1967
1929
1968
1930
1969
1931
1970
1932
1971
1933
1972
1934
1973
1935
1974
1936
1975
1937
1976
1938
1977
1939
1978
1940
1979
1941
1980
1942
1981
1943
1982
1944
1983
1945
1984
1946
1985
1947
1986
1948
1987
1949
1988
1950
1989
1951
1990
1952
1991
1953
1992
1954
1993
1955
1994
1956
1995
1957
1996
1958
1997
1959
1998
1999
1961
2000
3242
1962
2001
1963
2002
1964
2003
1965
2004
1966
2005
1967
2006
1968
2007
1969
2008
1970
2009
1971
2010
1972
2011
1973
2012
1974
2013
1975
2014
1976
2015
1977
2016
1978
2017
5432
5435
5436
1979
2018
5439
5442
5443
1980
2019
5446
5449
5450
1981
2020
5453
5456
5457
1982
2021
5460
5463
5464
1983
2022
5467
5470
5471
1984
2023
1985
2024
1986
2025
1987
2026
1988
2027
1989
2028
1990
2029
1991
2030
1992
2031
1993
2032
1994
2033
1995
2034
1996
2035
1997
2036
1998
2037
1999
2038
2039
2001
2040
3260
2002
2041
2003
2042
2004
2043
2005
2044
2006
2045
2007
2046
2008
2047
2009
2048
2010
2049
2011
2050
2012
2051
2013
2052
2014
2053
2015
2054
2016
2055
2017
2056
5433
5435
5437
5474
5477
5478
5432
5433
5435
5432
5439
5440
5442
5439
5446
5447
5449
5446
5453
5454
5456
5453
5460
5461
5463
5460
5467
5468
5470
2024
2063
5467
5469
5471
5473
6251
6254
6255
2025
2064
2026
2065
2027
2066
2028
2067
2029
2068
2030
2069
2031
2070
2032
2071
2033
2072
2034
2073
2035
2074
2036
2075
2037
2076
2038
2077
2039
2078
2079
2041
2080
3278
2042
2081
2043
2082
2044
2083
2045
2084
2046
2085
2047
2086
2048
2087
2049
2088
2050
2089
2051
2090
2052
2091
2053
2092
2054
2093
2055
2094
2056
2095
5475
5477
5479
5495
5498
5499
5474
5475
5477
4620
4621
4623
5433
5474
4434
4620
5440
5712
5714
5716
5718
5719
5721
5723
5725
4431
5447
5482
5483
5484
4438
5454
5489
5490
5491
4445
4452
4455
4865
4867
4869
4871
5461
5741
5743
5745
4452
4627
4630
5468
6119
6121
6123
6124
4627
6251
6252
6254
2065
2102
5509
5512
5513
6251
6253
6255
6257
2066
2103
2067
2104
2068
2105
2069
2106
2070
2107
2071
2108
2072
2109
2073
2110
2074
2111
2075
2112
2076
2113
2077
2114
2078
2115
2079
2116
2117
2081
2118
3296
2082
2119
2083
2120
2084
2121
2085
2122
2086
2123
2087
2124
2088
2125
2089
2126
2090
2127
2091
2128
2092
2129
2093
2130
2094
2131
2095
2132
5496
5498
5500
5516
5519
5520
5495
5496
5498
4634
4635
4637
5475
5495
4621
4634
5503
5504
5505
4432
4459
4641
4642
4643
4453
4646
4647
4467
4628
4650
4651
4652
4470
4656
4659
5769
5771
5773
6147
6149
6151
6152
6252
4656
5509
5510
5512
2104
2138
5509
5511
5513
5515
5530
5533
5534
2105
2139
2106
2140
2107
2141
2108
2142
2109
2143
2110
2144
2111
2145
2112
2146
2113
2147
2114
2148
2115
2149
2116
2150
2117
2151
2152
2119
2153
3314
2120
2154
2121
2155
2122
2156
2123
2157
2124
2158
2125
2159
2126
2160
2127
2161
2128
2162
2129
2163
2130
2164
2131
2165
2132
2166
5517
5519
5521
5516
5517
5519
4663
4664
4666
5496
5516
4635
4663
5524
5525
5526
4460
4475
4670
4481
4657
4672
4673
4674
4483
4678
4681
5510
5790
5792
5794
6175
6177
6179
6180
4678
5530
5531
5533
2140
2172
5530
5532
5534
5536
2141
2173
2142
2174
2143
2175
2144
2176
2145
2177
2146
2178
2147
2179
2148
2180
2149
2181
2150
2182
2151
2183
2152
2184
2185
2154
2186
3332
2155
2187
2156
2188
2157
2189
2158
2190
2159
2191
2160
2192
2161
2193
2162
2194
2163
2195
2164
2196
2165
2197
2166
2198
2167
2199
5538
5540
5542
5517
5537
5538
5540
4491
4664
5537
5803
5805
5807
5809
5810
5812
5814
5816
4476
4488
4685
4686
4687
4498
4679
5545
5546
5547
4502
5531
5551
5552
5554
2173
2204
5551
5553
5555
5557
2174
2205
2175
2206
2176
2207
2177
2208
2178
2209
2179
2210
2180
2211
2181
2212
2182
2213
2183
2214
2184
2215
2185
2216
2217
2187
2218
3350
2188
2219
2189
2220
2190
2221
2191
2222
2192
2223
2193
2224
2194
2225
2195
2226
2196
2227
2197
2228
2198
2229
2199
2230
2200
2231
5559
5561
5563
5538
5558
5559
5561
4489
5558
5566
5567
5568
4503
4691
4692
4693
4516
5552
5572
5573
5575
5846
5848
5850
2205
2236
5572
5574
5576
5578
2206
2237
2207
2238
2208
2239
2209
2240
2210
2241
2211
2242
2212
2243
2213
2244
2214
2245
2215
2246
2216
2247
2217
2248
2249
2219
2250
3368
2220
2251
2221
2252
2222
2253
2223
2254
2224
2255
2225
2256
2226
2257
2227
2258
2228
2259
2229
2260
2230
2261
2231
2262
2232
2263
5580
5582
5584
5559
5579
5580
5582
4510
5579
5587
5588
5589
4517
4698
4699
4700
4530
5573
5593
5594
5596
5881
5883
5885
2237
2269
5593
5595
5597
5599
2238
2270
2239
2271
2240
2272
2241
2273
2242
2274
2243
2275
2244
2276
2245
2277
2246
2278
2247
2279
2248
2280
2249
2281
2282
2251
2283
3386
2252
2284
2253
2285
2254
2286
2255
2287
2256
2288
2257
2289
2258
2290
2259
2291
2260
2292
2261
2293
2262
2294
2263
2295
2264
2296
5601
5603
5605
5580
5600
5601
5603
4524
4538
4540
5173
5175
5177
5179
5600
5874
5876
5878
4537
4704
4705
4531
4547
4708
4709
4710
4551
5594
5607
5608
5610
5923
5925
5927
2270
2302
5607
5609
5611
5613
2271
2303
2272
2304
2273
2305
2274
2306
2275
2307
2276
2308
2277
2309
2278
2310
2279
2311
2280
2312
2281
2313
2282
2314
2315
2284
2316
3404
2285
2317
2286
2318
2287
2319
2288
2320
2289
2321
2290
2322
2291
2323
2292
2324
2293
2325
2294
2326
2295
2327
2296
2328
2297
2329
5615
5617
5619
5601
5614
5615
5617
4538
4715
4717
5614
6189
6191
6193
6194
4544
4714
4722
4723
4724
4552
4567
5621
5622
5623
4730
5608
5628
5629
5631
2303
2337
5628
5630
5632
5634
2304
2338
2305
2339
2306
2340
2307
2341
2308
2342
2309
2343
2310
2344
2311
2345
2312
2346
2313
2347
2314
2348
2315
2349
2350
2317
2351
3422
2318
2352
2319
2353
2320
2354
2321
2355
2322
2356
2323
2357
2324
2358
2325
2359
2326
2360
2327
2361
2328
2362
2329
2363
2330
2364
2331
2365
5615
5616
5619
5620
6259
6261
6263
4715
6258
6259
6261
4558
4738
4740
5951
5953
5955
6210
6212
6214
6215
6258
4563
4737
4745
4746
4747
4568
4586
5635
5636
5637
4731
4753
6265
6266
6268
2337
2376
5629
5630
5633
5634
6265
6267
6269
6271
2338
2377
2339
2378
2340
2379
2341
2380
2342
2381
2343
2382
2344
2383
2345
2384
2346
2385
2347
2386
2348
2387
2349
2388
2350
2389
2390
2352
2391
3440
2353
2392
2354
2393
2355
2394
2356
2395
2357
2396
2358
2397
2359
2398
2360
2399
2361
2400
2362
2401
2363
2402
2364
2403
2365
2404
2366
2405
2367
2406
5643
5645
5647
6259
6260
6263
6264
4738
5642
5643
5645
4573
4761
4763
5642
5979
5981
5983
6231
6233
6235
6236
4578
4760
5650
5651
5652
4592
4768
4769
4770
4599
4775
4776
4777
4582
4606
4782
4783
4784
4587
4613
5656
5657
5658
4754
4788
5663
5664
5666
2376
2415
5663
5665
5667
5669
6266
6267
6270
6271
2377
2416
2378
2417
2379
2418
2380
2419
2381
2420
2382
2421
2383
2422
2384
2423
2385
2424
2386
2425
2387
2426
2388
2427
2389
2428
2390
2429
2430
2392
2431
3458
2393
2432
2394
2433
2395
2434
2396
2435
2397
2436
2398
2437
2399
2438
2400
2439
2401
2440
2402
2441
2403
2442
2404
2443
2405
2444
2406
2445
2407
2446
2408
2447
5643
5644
5647
5648
5671
5673
5675
4761
5670
5671
5673
4593
5670
5677
5678
5680
4600
5677
5684
5685
5687
6021
6023
6025
4607
5684
5691
5692
5694
6049
6051
6053
4614
5691
5698
5699
5701
6084
6086
6088
4789
5698
5705
5706
5708
2415
2454
5664
5665
5668
5669
5705
5707
5709
5711
2416
2455
2417
2456
2418
2457
2419
2458
2420
2459
2421
2460
2422
2461
2423
2462
2424
2463
2425
2464
2426
2465
2427
2466
2428
2467
2429
2468
2430
2469
2470
2432
2471
3476
2433
2472
2434
2473
2435
2474
2436
2475
2437
2476
2438
2477
2439
2478
2440
2479
2441
2480
2442
2481
2443
2482
2444
2483
2445
2484
2446
2485
2447
2486
2448
2487
2449
2488
5671
5672
5675
5676
2450
2489
5678
5679
5682
5683
2451
2490
5685
5686
5689
5690
2452
2491
5692
5693
5696
5697
2453
2492
5699
5700
5703
5704
2454
2493
5706
5707
5710
5711
2455
2494
2456
2495
2457
2496
2458
2497
2459
2498
2460
2499
2461
2500
2462
2501
2463
2502
2464
2503
2465
2504
2466
2505
2467
2506
2468
2507
2469
2508
2470
2509
2510
2472
2511
3494
2473
2512
2474
2513
2475
2514
2476
2515
2477
2516
2478
2517
2479
2518
2480
2519
2481
2520
2482
2521
2483
2522
2484
2523
2485
2524
2486
2525
2487
2526
2488
2527
2489
2528
2490
2529
2491
2530
2492
2531
2493
2532
2494
2533
2495
2534
2496
2535
2497
2536
2498
2537
2499
2538
2500
2539
2501
2540
2502
2541
2503
2542
2504
2543
2505
2544
2506
2545
2507
2546
2508
2547
2509
2548
2510
2549
2550
2512
2551
3512
2513
2552
2514
2553
2515
2554
2516
2555
2517
2556
2518
2557
2519
2558
2520
2559
2521
2560
2522
2561
2523
2562
2524
2563
2525
2564
2526
2565
2527
2566
2528
2567
2529
2568
2530
2569
2531
2570
2532
2571
2533
2572
2534
2573
2535
2574
2536
2575
2537
2576
2538
2577
2539
2578
2540
2579
2541
2580
2542
2581
2543
2582
2544
2583
2545
2584
2546
2585
2547
2586
2548
2587
2549
2588
2550
2589
2590
2552
2591
3530
2553
2592
2554
2593
2555
2594
2556
2595
2557
2596
2558
2597
2559
2598
2560
2599
2561
2600
2562
2601
2563
2602
2564
2603
2565
2604
2566
2605
2567
2606
2568
2607
2569
2608
2570
2609
2571
2610
2572
2611
2573
2612
2574
2613
2575
2614
2576
2615
2577
2616
2578
2617
2579
2618
2580
2619
2581
2620
2582
2621
2583
2622
2584
2623
2585
2624
2586
2625
2587
2626
2588
2627
2589
2628
2590
2629
2630
2592
2631
3548
2593
2632
2594
2633
2595
2634
2596
2635
2597
2636
2598
2637
2599
2638
2600
2639
2601
2640
2602
2641
2603
2642
2604
2643
2605
2644
2606
2645
2607
2646
2608
2647
2609
2648
2610
2649
2611
2650
2612
2651
2613
2652
2614
2653
2615
2654
2616
2655
2617
2656
2618
2657
2619
2658
2620
2659
2621
2660
2622
2661
2623
2662
2624
2663
2625
2664
2626
2665
2627
2666
2628
2667
2629
2668
2630
2669
2670
2632
2671
3566
2633
2672
2634
2673
2635
2674
2636
2675
2637
2676
2638
2677
2639
2678
2640
2679
2641
2680
2642
2681
2643
2682
2644
2683
2645
2684
2646
2685
2647
2686
2648
2687
2649
2688
2650
2689
2651
2690
2652
2691
2653
2692
2654
2693
2655
2694
2656
2695
2657
2696
2658
2697
2659
2698
2660
2699
2661
2700
2662
2701
2663
2702
2664
2703
2665
2704
2666
2705
2667
2706
2668
2707
2669
2708
2670
2709
2710
2672
2711
3584
2673
2712
2674
2713
2675
2714
2676
2715
2677
2716
2678
2717
2679
2718
2680
2719
2681
2720
2682
2721
2683
2722
2684
2723
2685
2724
2686
2725
2687
2726
2688
2727
2689
2728
2690
2729
2691
2730
2692
2731
2693
2732
2694
2733
2695
2734
2696
2735
2697
2736
2698
2737
2699
2738
2700
2739
2701
2740
2702
2741
2703
2742
2704
2743
2705
2744
2706
2745
2707
2746
2708
2747
2709
2748
2710
2749
2750
2712
2751
3602
2713
2752
2714
2753
2715
2754
2716
2755
2717
2756
2718
2757
2719
2758
2720
2759
2721
2760
2722
2761
2723
2762
2724
2763
2725
2764
2726
2765
2727
2766
2728
2767
2729
2768
2730
2769
2731
2770
2732
2771
2733
2772
2734
2773
2735
2774
2736
2775
2737
2776
2738
2777
2739
2778
2740
2779
2741
2780
2742
2781
2743
2782
2744
2783
2745
2784
2746
2785
2747
2786
2748
2787
2749
2788
2750
2789
2790
2752
2791
3620
2753
2792
2754
2793
2755
2794
2756
2795
2757
2796
2758
2797
2759
2798
2760
2799
2761
2800
2762
2801
2763
2802
2764
2803
2765
2804
2766
2805
2767
2806
2768
2807
2769
2808
2770
2809
2771
2810
2772
2811
2773
2812
2774
2813
2775
2814
2776
2815
2777
2816
2778
2817
2779
2818
2780
2819
2781
2820
2782
2821
2783
2822
2784
2823
2785
2824
2786
2825
2787
2826
2788
2827
2789
2828
2790
2829
2830
2792
2831
3638
2793
2832
2794
2833
2795
2834
2796
2835
2797
2836
2798
2837
2799
2838
2800
2839
2801
2840
2802
2841
2803
2842
2804
2843
2805
2844
2806
2845
2807
2846
2808
2847
2809
2848
2810
2849
2811
2850
2812
2851
2813
2852
2814
2853
2815
2854
2816
2855
2817
2856
2818
2857
2819
2858
2820
2859
2821
2860
2822
2861
2823
2862
2824
2863
2825
2864
2826
2865
2827
2866
2828
2867
2829
2868
2830
2869
2870
2832
2871
3656
2833
2872
2834
2873
2835
2874
2836
2875
2837
2876
2838
2877
2839
2878
2840
2879
2841
2880
2842
2881
2843
2882
2844
2883
2845
2884
2846
2885
2847
2886
2848
2887
2849
2888
2850
2889
2851
2890
2852
2891
2853
2892
2854
2893
2855
2894
2856
2895
2857
2896
2858
2897
2859
2898
2860
2899
2861
2900
2862
2901
2863
2902
2864
2903
2865
2904
2866
2905
2867
2906
2868
2907
2869
2908
2870
2909
2910
2872
2911
3674
2873
2912
2874
2913
2875
2914
2876
2915
2877
2916
2878
2917
2879
2918
2880
2919
2881
2920
2882
2921
2883
2922
2884
2923
2885
2924
2886
2925
2887
2926
2888
2927
2889
2928
2890
2929
2891
2930
2892
2931
2893
2932
2894
2933
2895
2934
2896
2935
2897
2936
2898
2937
2899
2938
2900
2939
2901
2940
2902
2941
2903
2942
2904
2943
2905
2944
2906
2945
2907
2946
2908
2947
2909
2948
2910
2949
2950
2912
2951
3692
2913
2952
2914
2953
2915
2954
2916
2955
2917
2956
2918
2957
2919
2958
2920
2959
2921
2960
2922
2961
2923
2962
2924
2963
2925
2964
2926
2965
2927
2966
2928
2967
2929
2968
2930
2969
2931
2970
2932
2971
2933
2972
2934
2973
2935
2974
2936
2975
2937
2976
2938
2977
2939
2978
2940
2979
2941
2980
2942
2981
2943
2982
2944
2983
2945
2984
2946
2985
2947
2986
2948
2987
2949
2988
2950
2989
2990
2952
3710
3711
2953
3712
2954
3713
2955
3714
2956
3715
2957
3716
2958
3717
2959
3718
2960
3719
2961
3720
2962
3721
2963
3722
2964
3723
2965
3724
2966
3725
2967
3726
2968
3727
2969
3728
2970
3729
2971
3730
2972
3731
2973
3732
2974
3733
2975
3734
2976
3735
2977
3736
2978
3737
2979
3738
2980
3739
2981
3740
2982
3741
2983
3742
2984
3743
2985
3744
2986
3745
2987
3746
2988
3747
2989
3748
2990
3749
3750
2992
3009
2993
3010
2994
3011
2995
3012
2996
3013
2997
3014
2998
3015
2999
3016
3000
3017
3001
3018
3002
3019
3003
3020
3004
3021
3005
3022
3006
3023
3007
3024
3008
3025
3026
3010
3027
3011
3028
3012
3029
3013
3030
3014
3031
3015
3032
3016
3033
3017
3034
3018
3035
3019
3036
3020
3037
3021
3038
3022
3039
3023
3040
3024
3041
3025
3042
3026
3043
3044
3028
3045
3029
3046
3030
3047
3031
3048
3032
3049
3033
3050
3034
3051
3035
3052
3036
3053
3037
3054
3038
3055
3039
3056
3040
3057
3041
3058
3042
3059
3043
3060
3044
3061
3062
3046
3063
3047
3064
3048
3065
3049
3066
3050
3067
3051
3068
3052
3069
3053
3070
3054
3071
3055
3072
3056
3073
3057
3074
3058
3075
3059
3076
3060
3077
3061
3078
3062
3079
3080
3064
3081
3065
3082
3066
3083
3067
3084
3068
3085
3069
3086
3070
3087
3071
3088
3072
3089
3073
3090
3074
3091
3075
3092
3076
3093
3077
3094
3078
3095
3079
3096
3080
3097
3098
3082
3099
3083
3100
3084
3101
3085
3102
3086
3103
3087
3104
3088
3105
3089
3106
3090
3107
3091
3108
3092
3109
3093
3110
3094
3111
3095
3112
3096
3113
3097
3114
3098
3115
3116
3100
3117
3101
3118
3102
3119
3103
3120
3104
3121
3105
3122
3106
3123
3107
3124
3108
3125
3109
3126
3110
3127
3111
3128
3112
3129
3113
3130
3114
3131
3115
3132
3116
3133
3134
3118
3135
3119
3136
3120
3137
3121
3138
3122
3139
3123
3140
3124
3141
3125
3142
3126
3143
3127
3144
3128
3145
3129
3146
3130
3147
3131
3148
3132
3149
3133
3150
3134
3151
3152
3136
3153
3137
3154
3138
3155
3139
3156
3140
3157
3141
3158
3142
3159
3143
3160
3144
3161
3145
3162
3146
3163
3147
3164
3148
3165
3149
3166
3150
3167
3151
3168
3152
3169
3170
3154
3171
3155
3172
3156
3173
3157
3174
3158
3175
3159
3176
3160
3177
3161
3178
3162
3179
3163
3180
3164
3181
3165
3182
3166
3183
3167
3184
3168
3185
3169
3186
3170
3187
3188
3172
3189
3173
3190
3174
3191
3175
3192
3176
3193
3177
3194
3178
3195
3179
3196
3180
3197
3181
3198
3182
3199
3183
3200
3184
3201
3185
3202
3186
3203
3187
3204
3188
3205
3206
3190
3207
3191
3208
3192
3209
3193
3210
3194
3211
3195
3212
3196
3213
3197
3214
3198
3215
3199
3216
3200
3217
3201
3218
3202
3219
3203
3220
3204
3221
3205
3222
3206
3223
3224
3208
3225
3209
3226
3210
3227
3211
3228
3212
3229
3213
3230
3214
3231
3215
3232
3216
3233
3217
3234
3218
3235
3219
3236
3220
3237
3221
3238
3222
3239
3223
3240
3224
3241
3242
3226
3243
3227
3244
3228
3245
3229
3246
3230
3247
3231
3248
3232
3249
3233
3250
3234
3251
3235
3252
3236
3253
3237
3254
3238
3255
3239
3256
3240
3257
3241
3258
3242
3259
3260
3244
3261
3245
3262
3246
3263
3247
3264
3248
3265
3249
3266
3250
3267
3251
3268
3252
3269
3253
3270
3254
3271
3255
3272
3256
3273
3257
3274
3258
3275
3259
3276
3260
3277
3278
3262
3279
3263
3280
3264
3281
3265
3282
3266
3283
3267
3284
3268
3285
3269
3286
3270
3287
3271
3288
3272
3289
3273
3290
3274
3291
3275
3292
3276
3293
3277
3294
3278
3295
3296
3280
3297
3281
3298
3282
3299
3283
3300
3284
3301
3285
3302
3286
3303
3287
3304
3288
3305
3289
3306
3290
3307
3291
3308
3292
3309
3293
3310
3294
3311
3295
3312
3296
3313
3314
3298
3315
3299
3316
3300
3317
3301
3318
3302
3319
3303
3320
3304
3321
3305
3322
3306
3323
3307
3324
3308
3325
3309
3326
3310
3327
3311
3328
3312
3329
3313
3330
3314
3331
3332
3316
3333
3317
3334
3318
3335
3319
3336
3320
3337
3321
3338
3322
3339
3323
3340
3324
3341
3325
3342
3326
3343
3327
3344
3328
3345
3329
3346
3330
3347
3331
3348
3332
3349
3350
3334
3351
3335
3352
3336
3353
3337
3354
3338
3355
3339
3356
3340
3357
3341
3358
3342
3359
3343
3360
3344
3361
3345
3362
3346
3363
3347
3364
3348
3365
3349
3366
3350
3367
3368
3352
3369
3353
3370
3354
3371
3355
3372
3356
3373
3357
3374
3358
3375
3359
3376
3360
3377
3361
3378
3362
3379
3363
3380
3364
3381
3365
3382
3366
3383
3367
3384
3368
3385
3386
3370
3387
3371
3388
3372
3389
3373
3390
3374
3391
3375
3392
3376
3393
3377
3394
3378
3395
3379
3396
3380
3397
3381
3398
3382
3399
3383
3400
3384
3401
3385
3402
3386
3403
3404
3388
3405
3389
3406
3390
3407
3391
3408
3392
3409
3393
3410
3394
3411
3395
3412
3396
3413
3397
3414
3398
3415
3399
3416
3400
3417
3401
3418
3402
3419
3403
3420
3404
3421
3422
3406
3423
3407
3424
3408
3425
3409
3426
3410
3427
3411
3428
3412
3429
3413
3430
3414
3431
3415
3432
3416
3433
3417
3434
3418
3435
3419
3436
3420
3437
3421
3438
3422
3439
3440
3424
3441
3425
3442
3426
3443
3427
3444
3428
3445
3429
3446
3430
3447
3431
3448
3432
3449
3433
3450
3434
3451
3435
3452
3436
3453
3437
3454
3438
3455
3439
3456
3440
3457
3458
3442
3459
3443
3460
3444
3461
3445
3462
3446
3463
3447
3464
3448
3465
3449
3466
3450
3467
3451
3468
3452
3469
3453
3470
3454
3471
3455
3472
3456
3473
3457
3474
3458
3475
3476
3460
3477
3461
3478
3462
3479
3463
3480
3464
3481
3465
3482
3466
3483
3467
3484
3468
3485
3469
3486
3470
3487
3471
3488
3472
3489
3473
3490
3474
3491
3475
3492
3476
3493
3494
3478
3495
3479
3496
3480
3497
3481
3498
3482
3499
3483
3500
3484
3501
3485
3502
3486
3503
3487
3504
3488
3505
3489
3506
3490
3507
3491
3508
3492
3509
3493
3510
3494
3511
3512
3496
3513
3497
3514
3498
3515
3499
3516
3500
3517
3501
3518
3502
3519
3503
3520
3504
3521
3505
3522
3506
3523
3507
3524
3508
3525
3509
3526
3510
3527
3511
3528
3512
3529
3530
3514
3531
3515
3532
3516
3533
3517
3534
3518
3535
3519
3536
3520
3537
3521
3538
3522
3539
3523
3540
3524
3541
3525
3542
3526
3543
3527
3544
3528
3545
3529
3546
3530
3547
3548
3532
3549
3533
3550
3534
3551
3535
3552
3536
3553
3537
3554
3538
3555
3539
3556
3540
3557
3541
3558
3542
3559
3543
3560
3544
3561
3545
3562
3546
3563
3547
3564
3548
3565
3566
3550
3567
3551
3568
3552
3569
3553
3570
3554
3571
3555
3572
3556
3573
3557
3574
3558
3575
3559
3576
3560
3577
3561
3578
3562
3579
3563
3580
3564
3581
3565
3582
3566
3583
3584
3568
3585
3569
3586
3570
3587
3571
3588
3572
3589
3573
3590
3574
3591
3575
3592
3576
3593
3577
3594
3578
3595
3579
3596
3580
3597
3581
3598
3582
3599
3583
3600
3584
3601
3602
3586
3603
3587
3604
3588
3605
3589
3606
3590
3607
3591
3608
3592
3609
3593
3610
3594
3611
3595
3612
3596
3613
3597
3614
3598
3615
3599
3616
3600
3617
3601
3618
3602
3619
3620
3604
3621
3605
3622
3606
3623
3607
3624
3608
3625
3609
3626
3610
3627
3611
3628
3612
3629
3613
3630
3614
3631
3615
3632
3616
3633
3617
3634
3618
3635
3619
3636
3620
3637
3638
3622
3639
3623
3640
3624
3641
3625
3642
3626
3643
3627
3644
3628
3645
3629
3646
3630
3647
3631
3648
3632
3649
3633
3650
3634
3651
3635
3652
3636
3653
3637
3654
3638
3655
3656
3640
3657
3641
3658
3642
3659
3643
3660
3644
3661
3645
3662
3646
3663
3647
3664
3648
3665
3649
3666
3650
3667
3651
3668
3652
3669
3653
3670
3654
3671
3655
3672
3656
3673
3674
3658
3675
3659
3676
3660
3677
3661
3678
3662
3679
3663
3680
3664
3681
3665
3682
3666
3683
3667
3684
3668
3685
3669
3686
3670
3687
3671
3688
3672
3689
3673
3690
3674
3691
3692
3676
3693
3677
3694
3678
3695
3679
3696
3680
3697
3681
3698
3682
3699
3683
3700
3684
3701
3685
3702
3686
3703
3687
3704
3688
3705
3689
3706
3690
3707
3691
3708
3692
3709
3710
3694
3695
3696
3697
3698
3699
3700
3701
3702
3703
3704
3705
3706
3707
3708
3709
3710
3712
3751
3713
3752
3714
3753
3715
3754
3716
3755
3717
3756
3718
3757
3719
3758
3720
3759
3721
3760
3722
3761
3723
3762
3724
3763
3725
3764
3726
3765
3727
3766
3728
3767
3729
3768
3730
3769
3731
3770
3732
3771
3733
3772
3734
3773
3735
3774
3736
3775
3737
3776
3738
3777
3739
3778
3740
3779
3741
3780
3742
3781
3743
3782
3744
3783
3745
3784
3746
3785
3747
3786
3748
3787
3749
3788
3750
3789
3790
3752
3791
3753
3792
3754
3793
3755
3794
3756
3795
3757
3796
3758
3797
3759
3798
3760
3799
3761
3800
3762
3801
3763
3802
3764
3803
3765
3804
3766
3805
3767
3806
3768
3807
3769
3808
3770
3809
3771
3810
3772
3811
3773
3812
3774
3813
3775
3814
3776
3815
3777
3816
3778
3817
3779
3818
3780
3819
3781
3820
3782
3821
3783
3822
3784
3823
3785
3824
3786
3825
3787
3826
3788
3827
3789
3828
3790
3829
3830
3792
3831
3793
3832
3794
3833
3795
3834
3796
3835
3797
3836
3798
3837
3799
3838
3800
3839
3801
3840
3802
3841
3803
3842
3804
3843
3805
3844
3806
3845
3807
3846
3808
3847
3809
3848
3810
3849
3811
3850
3812
3851
3813
3852
3814
3853
3815
3854
3816
3855
3817
3856
3818
3857
3819
3858
3820
3859
3821
3860
3822
3861
3823
3862
3824
3863
3825
3864
3826
3865
3827
3866
3828
3867
3829
3868
3830
3869
3870
3832
3871
3833
3872
3834
3873
3835
3874
3836
3875
3837
3876
3838
3877
3839
3878
3840
3879
3841
3880
3842
3881
3843
3882
3844
3883
3845
3884
3846
3885
3847
3886
3848
3887
3849
3888
3850
3889
3851
3890
3852
3891
3853
3892
3854
3893
3855
3894
3856
3895
3857
3896
3858
3897
3859
3898
3860
3899
3861
3900
3862
3901
3863
3902
3864
3903
3865
3904
3866
3905
3867
3906
3868
3907
3869
3908
3870
3909
3910
3872
3911
3873
3912
3874
3913
3875
3914
3876
3915
3877
3916
3878
3917
3879
3918
3880
3919
3881
3920
3882
3921
3883
3922
3884
3923
3885
3924
3886
3925
3887
3926
3888
3927
3889
3928
3890
3929
3891
3930
3892
3931
3893
3932
3894
3933
3895
3934
3896
3935
3897
3936
3898
3937
3899
3938
3900
3939
3901
3940
3902
3941
3903
3942
3904
3943
3905
3944
3906
3945
3907
3946
3908
3947
3909
3948
3910
3949
3950
3912
3951
3913
3952
3914
3953
3915
3954
3916
3955
3917
3956
3918
3957
3919
3958
3920
3959
3921
3960
3922
3961
3923
3962
3924
3963
3925
3964
3926
3965
3927
3966
3928
3967
3929
3968
3930
3969
3931
3970
3932
3971
3933
3972
3934
3973
3935
3974
3936
3975
3937
3976
3938
3977
3939
3978
3940
3979
3941
3980
3942
3981
3943
3982
3944
3983
3945
3984
3946
3985
3947
3986
3948
3987
3949
3988
3950
3989
3990
3952
3991
3953
3992
3954
3993
3955
3994
3956
3995
3957
3996
3958
3997
3959
3998
3960
3999
3961
4000
3962
4001
3963
4002
3964
4003
3965
4004
3966
4005
3967
4006
3968
4007
3969
4008
3970
4009
3971
4010
3972
4011
3973
4012
3974
4013
3975
4014
3976
4015
3977
4016
3978
4017
3979
4018
3980
4019
3981
4020
3982
4021
3983
4022
3984
4023
3985
4024
3986
4025
3987
4026
3988
4027
3989
4028
3990
4029
4030
3992
4031
3993
4032
3994
4033
3995
4034
3996
4035
3997
4036
3998
4037
3999
4038
4000
4039
4001
4040
4002
4041
4003
4042
4004
4043
4005
4044
4006
4045
4007
4046
4008
4047
4009
4048
4010
4049
4011
4050
4012
4051
4013
4052
4014
4053
4015
4054
4016
4055
4017
4056
4018
4057
4019
4058
4020
4059
4021
4060
4022
4061
4023
4062
4024
4063
4025
4064
4026
4065
4027
4066
4028
4067
4029
4068
4030
4069
4070
4032
4071
4033
4072
4034
4073
4035
4074
4036
4075
4037
4076
4038
4077
4039
4078
4040
4079
4041
4080
4042
4081
4043
4082
4044
4083
4045
4084
4046
4085
4047
4086
4048
4087
4049
4088
4050
4089
4051
4090
4052
4091
4053
4092
4054
4093
4055
4094
4056
4095
4057
4096
4058
4097
4059
4098
4060
4099
4061
4100
4062
4101
4063
4102
4064
4103
4065
4104
4066
4105
4067
4106
4068
4107
4069
4108
4070
4109
4110
4072
4111
4073
4112
4074
4113
4075
4114
4076
4115
4077
4116
4078
4117
4079
4118
4080
4119
4081
4120
4082
4121
4083
4122
4084
4123
4085
4124
4086
4125
4087
4126
4088
4127
4089
4128
4090
4129
4091
4130
4092
4131
4093
4132
4094
4133
4095
4134
4096
4135
4097
4136
4098
4137
4099
4138
4100
4139
4101
4140
4102
4141
4103
4142
4104
4143
4105
4144
4106
4145
4107
4146
4108
4147
4109
4148
4110
4149
4150
4112
4151
4113
4152
4114
4153
4115
4154
4116
4155
4117
4156
4118
4157
4119
4158
4120
4159
4121
4160
4122
4161
4123
4162
4124
4163
4125
4164
4126
4165
4127
4166
4128
4167
4129
4168
4130
4169
4131
4170
4132
4171
4133
4172
4134
4173
4135
4174
4136
4175
4137
4176
4138
4177
4139
4178
4140
4179
4141
4180
4142
4181
4143
4182
4144
4183
4145
4184
4146
4185
4147
4186
4148
4187
4149
4188
4150
4189
4190
4152
4191
4153
4192
4154
4193
4155
4194
4156
4195
4157
4196
4158
4197
4159
4198
4160
4199
4161
4200
4162
4201
4163
4202
4164
4203
4165
4204
4166
4205
4167
4206
4168
4207
4169
4208
4170
4209
4171
4210
4172
4211
4173
4212
4174
4213
4175
4214
4176
4215
4177
4216
4178
4217
4179
4218
4180
4219
4181
4220
4182
4221
4183
4222
4184
4223
4185
4224
4186
4225
4187
4226
4188
4227
4189
4228
4190
4229
4230
4192
4231
4193
4232
4194
4233
4195
4234
4196
4235
4197
4236
4198
4237
4199
4238
4200
4239
4201
4240
4202
4241
4203
4242
4204
4243
4205
4244
4206
4245
4207
4246
4208
4247
4209
4248
4210
4249
4211
4250
4212
4251
4213
4252
4214
4253
4215
4254
4216
4255
4217
4256
4218
4257
4219
4258
4220
4259
4221
4260
4222
4261
4223
4262
4224
4263
4225
4264
4226
4265
4227
4266
4228
4267
4229
4268
4230
4269
4270
4232
4271
4233
4272
4234
4273
4235
4274
4236
4275
4237
4276
4238
4277
4239
4278
4240
4279
4241
4280
4242
4281
4243
4282
4244
4283
4245
4284
4246
4285
4247
4286
4248
4287
4249
4288
4250
4289
4251
4290
4252
4291
4253
4292
4254
4293
4255
4294
4256
4295
4257
4296
4258
4297
4259
4298
4260
4299
4261
4300
4262
4301
4263
4302
4264
4303
4265
4304
4266
4305
4267
4306
4268
4307
4269
4308
4270
4309
4310
4272
4311
4273
4312
4274
4313
4275
4314
4276
4315
4277
4316
4278
4317
4279
4318
4280
4319
4281
4320
4282
4321
4283
4322
4284
4323
4285
4324
4286
4325
4287
4326
4288
4327
4289
4328
4290
4329
4291
4330
4292
4331
4293
4332
4294
4333
4295
4334
4296
4335
4297
4336
4298
4337
4299
4338
4300
4339
4301
4340
4302
4341
4303
4342
4304
4343
4305
4344
4306
4345
4307
4346
4308
4347
4309
4348
4310
4349
4350
4312
4351
4313
4352
4314
4353
4315
4354
4316
4355
4317
4356
4318
4357
4319
4358
4320
4359
4321
4360
4322
4361
4323
4362
4324
4363
4325
4364
4326
4365
4327
4366
4328
4367
4329
4368
4330
4369
4331
4370
4332
4371
4333
4372
4334
4373
4335
4374
4336
4375
4337
4376
4338
4377
4339
4378
4340
4379
4341
4380
4342
4381
4343
4382
4344
4383
4345
4384
4346
4385
4347
4386
4348
4387
4349
4388
4350
4389
4390
4352
4391
4353
4392
4354
4393
4355
4394
4356
4395
4357
4396
4358
4397
4359
4398
4360
4399
4361
4400
4362
4401
4363
4402
4364
4403
4365
4404
4366
4405
4367
4406
4368
4407
4369
4408
4370
4409
4371
4410
4372
4411
4373
4412
4374
4413
4375
4414
4376
4415
4377
4416
4378
4417
4379
4418
4380
4419
4381
4420
4382
4421
4383
4422
4384
4423
4385
4424
4386
4425
4387
4426
4388
4427
4389
4428
4390
4429
4430
4392
4393
4394
4395
4396
4397
4398
4399
4400
4401
4402
4403
4404
4405
4406
4407
4408
4409
4410
4411
4412
4413
4414
4415
4416
4417
4418
4419
4420
4421
4422
4423
4424
4425
4426
4427
4428
4429
4430
5441
5713
5714
5715
4622
5720
5721
5722
4439
4464
4796
4797
4798
4435
4624
5444
5726
5728
5730
5732
4441
4802
4804
4806
4808
5445
5712
5713
5716
5717
4465
4626
5727
5728
5729
4443
4466
4803
4804
4805
5448
5734
5735
5736
4810
4811
4812
4446
4817
4818
4819
4442
4823
4825
4827
4829
5451
5481
5482
5485
5486
4448
4830
4832
4834
4836
5452
5733
5734
5737
5738
4824
4825
4826
4450
4831
4832
4833
5455
5741
5742
5743
4838
4839
4840
4453
4845
4846
4847
4449
4851
4853
4855
4857
5458
5488
5489
5492
5493
4455
4858
4860
4862
4864
5459
5740
5741
5744
5745
4852
4853
4854
4457
4859
4860
4861
4456
5462
5747
5749
5751
5753
4866
4867
4868
4467
4628
5748
5749
5750
4456
4872
4874
4876
4878
5465
4630
5466
5754
5756
5758
5760
4468
4873
4874
4875
4469
4632
5755
5756
5757
4622
4880
4881
4882
4636
4887
4888
4889
4625
4638
5762
5763
5764
4465
4626
4896
4897
4898
4480
4640
4903
4904
4905
4911
4912
4914
4915
4916
4919
4920
4922
4923
4924
4927
4928
4472
4930
4931
4932
4629
5769
5770
5771
4481
4657
4938
4939
4940
4632
4945
4946
4947
4633
4659
5776
5777
5778
4482
4661
4954
4955
4956
4636
4961
4962
4963
4665
4968
4969
4970
4639
4667
5783
5784
5785
4480
4640
4977
4978
4979
4496
4669
4984
4985
4986
4992
4993
4485
4994
4658
5790
5791
5792
4498
4679
4998
4999
5000
4661
5005
5006
5007
4662
4681
5797
5798
5799
4500
4683
5014
5015
5016
4665
5804
5805
5806
5539
5811
5812
5813
4495
4509
5021
5022
5023
4493
4668
5541
5817
5819
5821
5823
4496
4669
5818
5819
5820
4512
5027
5030
5032
5033
5543
5810
5811
5814
5815
4497
4513
5028
5029
5030
5034
5035
5037
5038
5039
5042
5043
5045
5046
5047
4503
5050
5051
4505
5053
5054
5055
4507
5058
5059
4504
4506
4680
5544
5546
5548
5550
5062
5063
5064
4516
5061
5064
5066
5067
5552
5831
5832
5835
5836
5846
5847
5849
4683
5825
5826
5827
4684
5554
5824
5826
5828
5830
5831
5833
5835
5837
4519
5069
5070
5071
4520
5556
5832
5833
5834
5076
5077
5078
5560
5839
5840
5841
4523
5083
5084
5085
4514
5089
5091
5093
5095
5562
5565
5566
5569
5570
5090
5091
5092
4526
5096
5099
5101
5102
5564
5838
5839
5842
5843
4527
5097
5098
5099
5846
5847
5848
5104
5105
5106
4530
5573
5853
5854
5855
5111
5112
5113
5575
5860
5861
5862
4533
5118
5119
5120
4534
5577
5867
5868
5869
5125
5126
5127
5581
5874
5875
5876
4537
5132
5133
5134
4528
5138
5140
5142
5144
5583
5586
5587
5590
5591
5139
5140
5141
4540
5145
5148
5150
5151
5585
5873
5874
5877
5878
4541
5146
5147
5148
5881
5882
5883
5153
5154
5155
4551
5594
5888
5889
5890
5160
5161
5162
5596
5895
5896
5897
4554
5167
5168
5169
4555
5598
5902
5903
5904
5174
5175
5176
4542
5602
5908
5911
5913
5914
4544
4714
5909
5910
5911
4542
5180
5182
5184
5186
5604
4545
5181
5182
5183
4717
5606
5915
5918
5920
5921
4546
4718
5916
5917
5918
5187
5188
5189
5192
5193
4560
5195
5196
5197
5200
5201
4552
4567
5203
5204
5205
4554
5208
5209
4556
4570
5211
5212
5213
5923
5924
5925
5930
5931
5932
4557
4730
5608
5922
5925
5927
5928
5929
5932
5934
5935
5217
5218
5219
5610
5937
5938
5939
4733
5944
5945
5946
4734
5612
5936
5939
5941
5942
5943
5946
5948
5949
4716
5951
5952
5953
4563
4737
5226
5227
5228
4718
5233
5234
5235
4720
4740
5958
5959
5960
4564
4741
5242
5243
5244
5248
4575
5249
4568
4586
5250
4571
4589
5251
5253
5254
5255
5260
5261
5262
4731
4753
5965
5966
5967
4733
5269
5270
5271
4756
5276
5277
5278
4735
4757
5972
5973
5974
4739
5979
5980
5981
4578
4760
5285
5286
5287
4741
5292
5293
5294
4743
4763
5986
5987
5988
4580
4764
5301
5302
5303
5307
5308
5309
4592
5312
5313
4595
5315
5316
5317
4596
5320
5321
5323
5324
4587
4613
5326
5327
5328
4616
5331
5332
4590
4617
5334
5335
5336
5340
5341
5342
5347
5348
5349
4754
4788
5993
5994
5995
4756
5356
5357
5358
4791
5363
5364
5365
4758
4792
6000
6001
6002
5370
5371
5372
4594
4597
4762
5649
5652
5654
5655
4600
5369
5372
5374
5375
5677
6013
6014
6017
6018
6021
6022
6024
4764
6007
6008
6009
4602
5377
5378
5379
4766
5680
6006
6009
6011
6012
6013
6016
6018
6019
4604
5681
6014
6015
6016
5384
5385
5386
6021
6022
6023
4607
5684
6028
6029
6030
5391
5392
5393
4609
5398
5399
5400
5687
6035
6036
6037
4611
5688
6042
6043
6044
5405
5406
5407
6049
6050
6051
4614
5691
6056
6057
6058
5412
5413
5414
4616
5419
5420
5421
5694
6063
6064
6065
4618
5695
6070
6071
6072
6077
6078
6079
6084
6085
6086
4619
4789
5698
6076
6079
6081
6082
6083
6086
6088
6089
5426
5427
5428
4791
6091
6092
6093
5701
6098
6099
6100
4793
5702
6090
6093
6095
6096
6097
6100
6102
6103
4624
5434
6105
6107
6109
6110
4625
5476
5503
5504
5506
6106
6108
6109
6110
6104
6105
6106
4624
4625
5437
5478
5438
6112
6114
6116
6117
5480
5762
5763
5765
6113
6115
6116
6117
6111
6112
6113
4629
4631
5469
6118
6119
6120
4633
5769
5770
5772
6120
6122
6123
6124
6252
4631
5472
6126
6128
6130
6131
4633
5473
6254
6125
6126
6127
5776
5777
5779
6127
6129
6130
6131
6256
4638
5476
5503
5505
5507
6133
6135
6137
6138
4639
5497
5524
5525
5527
6134
6136
6137
6138
6132
6133
6134
4638
4639
5479
5499
5480
5762
5764
5766
6140
6142
6144
6145
5501
5783
5784
5786
6141
6143
6144
6145
6139
6140
6141
4644
4645
4880
4914
5720
4644
4912
5722
4645
4882
4913
4917
5724
4884
4918
4648
4866
4927
4648
4868
4923
4870
4925
4929
4653
4654
4655
4935
4944
5768
4653
4654
4922
4945
6118
4653
4655
5770
6120
4654
4655
4924
4948
5772
6122
4926
4949
4936
5774
4658
4660
6253
6146
6147
6148
4662
5510
5790
5791
5793
6148
6150
6151
6152
4660
5776
5778
5780
6154
6156
6158
6159
6256
4662
5512
6257
6153
6154
6155
5514
5797
5798
5800
6155
6157
6158
6159
4667
5497
5524
5526
5528
6161
6163
6165
6166
4668
5518
6162
6164
6165
6166
6160
6161
6162
4667
4668
5500
5520
5501
5783
5785
5787
6168
6170
6172
6173
5522
6169
6171
6172
6173
6167
6168
6169
4887
4961
4992
4675
4676
4677
4995
5004
5789
4675
4676
4993
5005
6146
4675
4677
5791
6148
4676
4677
5008
5793
6150
5009
4996
5795
4680
4682
5511
6174
6175
6176
4684
5531
6176
6178
6179
6180
4682
5514
5797
5799
5801
6182
6184
6186
6187
4684
5515
5533
6181
6182
6183
5535
6183
6185
6186
6187
4688
4689
4968
5037
5804
4688
4970
4689
5035
5806
4972
5040
5036
5041
5808
4694
4695
4696
5103
5110
5845
4694
4695
5062
5111
4694
4696
5064
5847
4695
4696
5105
5066
5114
5849
5107
5115
5109
5851
4701
4702
4703
5152
5159
5880
4701
4702
5104
5160
4701
4703
5106
5882
4702
4703
5154
5108
5163
5884
5156
5164
5158
5886
4706
5174
5192
4706
5176
5188
5178
5190
5194
4711
4712
4713
5216
5922
5929
4711
4712
5153
5200
5217
4711
4713
5155
5924
4712
4713
5201
5931
5157
5220
5926
5202
5221
5933
5928
5935
6188
6189
6190
4716
4719
5616
4720
5951
5952
5954
6190
6192
6193
6194
6258
4719
5618
6196
6198
6200
6201
6195
6196
6197
4720
5620
6261
5958
5959
5961
6197
6199
6200
6201
6262
4725
4726
4727
5223
5232
5950
4725
4726
5187
5233
6188
4725
4727
5189
4726
4727
5952
6190
5191
5236
5237
5954
6192
5224
5956
4729
5252
5259
5266
5258
5265
4732
4734
5622
5624
5626
5627
4732
4735
5623
5625
5626
5627
5965
5966
5968
4736
5629
6265
6202
6203
6204
4736
5631
6203
6205
6207
6208
4736
5972
5973
5975
6204
6206
6207
6208
6268
5633
6269
6209
6210
6211
4739
4742
6260
4743
5642
5979
5980
5982
6211
6213
6214
6215
4742
5958
5960
5962
6217
6219
6221
6222
6262
6216
6217
6218
4743
5645
6264
5646
5986
5987
5989
6218
6220
6221
6222
4748
4749
4750
5282
5291
5978
4748
4749
5248
5292
6209
4748
4750
4749
4750
5980
6211
5295
5296
5982
6213
5283
5984
4752
5339
5346
5353
5345
5352
4755
4757
5636
5638
5640
5641
5965
5967
5969
4755
4758
5637
5639
5640
5641
5993
5994
5996
4759
5663
6266
6223
6224
6225
4759
5972
5974
5976
6224
6226
6228
6229
6268
4759
5666
6000
6001
6003
6225
6227
6228
6229
5667
6270
6230
6231
6232
4762
4765
5644
4766
5670
6232
6234
6235
6236
4765
5646
5986
5988
5990
6238
6240
6242
6243
6237
6238
6239
4766
5648
5673
5674
6239
6241
6242
6243
4771
4772
4773
5383
5390
6020
4771
4772
5370
5391
4771
4773
5385
4772
4773
5372
6022
5387
5394
5374
5395
6024
5389
6026
4778
4779
4780
5404
5411
6048
4778
4779
5384
5412
4778
4780
5406
4779
4780
5386
6050
5408
5415
5388
5416
6052
5410
6054
4785
4786
4787
5425
6076
6083
4785
4786
5323
5405
5426
4785
4787
5324
6078
4786
4787
5407
6085
5325
5429
6080
5409
5430
6087
6082
6089
4790
4792
5657
5659
5661
5662
5993
5995
5997
4790
4793
5658
5660
5661
5662
4794
5664
5705
6244
6245
6246
4794
5666
6000
6002
6004
6245
6247
6249
6250
4794
5708
6246
6248
6249
6250
5668
5709
4799
4800
4801
4802
5712
5719
4799
4800
4803
4810
4911
4799
4801
4811
5715
4800
4801
4912
5722
4806
4813
5717
4807
4913
5724
5718
5725
4806
4807
4808
5726
4806
4807
4824
4919
4806
4808
4825
4807
4808
4920
5729
4827
4921
5731
5732
4813
4814
4815
4816
4823
5481
4813
4814
4824
4813
4815
5484
4814
4815
4819
4827
5486
4821
4828
4822
5487
4820
4821
4822
4830
5733
4820
4821
4831
4838
4820
4822
4839
5736
4821
4822
4834
4841
5738
4835
5739
4827
4828
4829
4830
4827
4828
4827
4829
4828
4829
4833
4835
4836
4834
4835
4836
4834
4835
4852
4834
4836
4853
4835
4836
4855
4841
4842
4843
4844
4851
5488
4841
4842
4852
4841
4843
5491
4842
4843
4847
4855
5493
4849
4856
4850
5494
4848
4849
4850
4858
5740
4848
4849
4859
4866
4848
4850
4867
5743
4849
4850
4862
4869
5745
4863
5746
4855
4856
4857
4858
4855
4856
4855
4857
4856
4857
4861
4863
4864
4862
4863
4864
4862
4863
4873
4862
4864
4874
4863
4864
4876
4869
4870
4871
4872
5747
4869
4870
4873
4869
4871
4870
4871
5750
4876
4877
5752
5753
4876
4877
4878
5754
4876
4877
4927
4876
4878
4877
4878
4928
5757
4929
5759
5760
4883
4884
4885
4893
4895
5502
4883
4884
4896
6104
4883
4885
5504
6106
4884
4885
4899
5506
6108
4900
4894
5508
4890
4891
4892
4893
4902
5502
4890
4891
4903
6132
4890
4892
5505
6133
4891
4892
4906
5507
6135
4907
4894
5508
4894
4909
4899
4900
4901
4909
5761
4899
4900
4914
6111
4899
4901
5763
6113
4900
4901
4916
5765
6115
4918
4910
5767
4906
4907
4908
4909
5761
4906
4907
4992
6139
4906
4908
5764
6140
4907
4908
5766
6142
4910
5767
4910
4913
4919
4913
4921
4917
4918
5727
4917
4920
5729
4918
4921
5731
4921
4921
4925
4926
4930
5748
4925
5750
4926
4933
5752
4934
4929
4929
4931
4933
4933
4934
4945
5755
4933
5757
4934
4947
5759
4949
4936
4937
4951
4943
4941
4942
4943
4953
5768
4941
4942
4954
4993
6146
4941
4943
5771
6147
4942
4943
4957
5773
6149
4958
5774
4948
4949
4950
4951
5775
4948
4949
6125
4948
4950
5777
6127
4949
4950
5779
6129
4952
5781
4952
4953
4959
4957
4958
4959
5775
4957
4958
4994
6153
4957
4959
5778
6154
4958
4959
5780
6156
5781
4964
4965
4966
4974
4976
5523
4964
4965
4977
6132
4964
4966
5525
6134
4965
4966
4980
5527
6136
4981
4975
5529
4971
4972
4973
4974
4983
5523
4971
4972
4984
6160
4971
4973
5526
6161
4972
4973
4987
5528
6163
4988
4975
5529
4975
4990
4980
4981
4982
4990
5782
4980
4981
4992
6139
4980
4982
5784
6141
4981
4982
5786
6143
4991
5788
4987
4988
4989
4990
5782
4987
4988
5037
6167
4987
4989
5785
6168
4988
4989
5038
5787
6170
5040
4991
5788
4991
4994
5005
4996
4997
5011
5003
5001
5002
5003
5013
5789
5001
5002
5014
5045
6174
5001
5003
5792
6175
5002
5003
5046
5017
5794
6177
5018
5048
5795
5008
5009
5010
5011
5796
5008
5009
6153
5008
5010
5798
6155
5009
5010
5800
6157
5012
5802
5012
5013
5019
5017
5018
5019
5796
5017
5018
5053
6181
5017
5019
5799
6182
5018
5019
5054
5801
6184
5056
5802
5024
5025
5026
5027
5803
5810
5024
5025
5028
5034
5076
5024
5026
5035
5806
5025
5026
5077
5813
5031
5036
5808
5032
5079
5815
5809
5816
5031
5032
5033
5817
5031
5032
5042
5090
5031
5033
5043
5820
5032
5033
5091
5044
5822
5093
5823
5036
5042
5036
5044
5040
5041
5818
5040
5041
5043
5820
5044
5822
5044
5044
5048
5049
5053
5545
5048
5049
5051
5547
5056
5052
5057
5549
5052
5058
5062
5052
5063
5060
5065
5056
5057
5825
5056
5057
5059
5827
5060
5829
5060
5069
5060
5070
5072
5065
5066
5067
5068
5544
5065
5066
5069
5065
5067
5547
5066
5067
5072
5549
5073
5550
5072
5073
5074
5824
5831
5072
5073
5111
5072
5074
5827
5073
5074
5112
5834
5829
5114
5836
5830
5837
5079
5080
5081
5082
5089
5565
5079
5080
5090
5079
5081
5567
5080
5081
5084
5093
5569
5086
5094
5088
5571
5086
5087
5088
5096
5838
5086
5087
5097
5125
5086
5088
5087
5088
5126
5841
5100
5101
5128
5843
5844
5093
5094
5095
5096
5093
5094
5093
5095
5094
5095
5098
5100
5102
5100
5101
5102
5100
5101
5139
5100
5102
5101
5102
5140
5142
5107
5108
5109
5117
5852
5107
5108
5118
5107
5109
5108
5109
5855
5121
5122
5857
5858
5114
5115
5116
5117
5859
5114
5115
5114
5116
5861
5115
5116
5119
5863
5121
5123
5865
5121
5122
5123
5866
5121
5122
5160
5121
5123
5122
5123
5161
5869
5163
5871
5872
5128
5129
5130
5131
5138
5586
5128
5129
5139
5128
5130
5588
5129
5130
5133
5142
5590
5135
5143
5137
5592
5135
5136
5137
5145
5873
5135
5136
5146
5174
5135
5137
5136
5137
5175
5876
5149
5150
5177
5878
5879
5142
5143
5144
5145
5142
5143
5142
5144
5143
5144
5147
5149
5151
5149
5150
5151
5149
5150
5181
5149
5151
5150
5151
5182
5184
5156
5157
5158
5166
5887
5156
5157
5167
5156
5158
5157
5158
5890
5170
5171
5892
5893
5163
5164
5165
5166
5894
5163
5164
5163
5165
5896
5164
5165
5168
5898
5170
5172
5900
5170
5171
5172
5901
5170
5171
5217
5170
5172
5171
5172
5218
5904
5220
5906
5907
5177
5178
5179
5180
5908
5177
5178
5181
5177
5179
5178
5179
5910
5184
5185
5912
5914
5184
5185
5186
5915
5184
5185
5192
5184
5186
5185
5186
5193
5917
5194
5919
5921
5190
5191
5195
5909
5190
5910
5191
5198
5912
5199
5194
5194
5196
5198
5198
5199
5233
5916
5198
5917
5199
5234
5919
5236
5202
5208
5202
5204
5206
5210
5206
5207
5211
5253
5930
5206
5931
5207
5254
5214
5933
5215
5256
5210
5217
5210
5212
5219
5214
5221
5214
5215
5269
5944
5214
5945
5215
5270
5947
5272
5220
5221
5222
5936
5943
5220
5221
5220
5222
5938
5221
5222
5945
5940
5947
5942
5949
5224
5225
5239
5231
5229
5230
5231
5241
5950
5229
5230
5242
5248
6209
5229
5231
5230
5231
5953
6210
5245
5246
5955
6212
5956
5236
5237
5238
5239
5957
5236
5237
6195
5236
5238
5237
5238
5959
6197
5961
6199
5240
5963
5240
5241
5247
5245
5246
5247
5957
5245
5246
5249
6216
5245
5247
5246
5247
5960
6217
5962
6219
5963
5249
5292
5251
5260
5340
5276
5356
5256
5257
5258
5268
5964
5256
5257
5269
5621
5256
5258
5257
5258
5623
5966
5272
5273
5625
5968
5970
5263
5264
5265
5275
5964
5263
5264
5276
5635
5263
5265
5264
5265
5636
5967
5279
5280
5638
5969
5970
5267
5268
5275
5274
5281
5272
5273
5274
5971
5272
5273
6202
5272
5274
5273
5274
5973
6204
5975
6206
5977
5279
5280
5281
5971
5279
5280
6223
5279
5281
5280
5281
5974
6224
5976
6226
5977
5283
5284
5298
5290
5288
5289
5290
5300
5978
5288
5289
5301
5307
6230
5288
5290
5308
5289
5290
5981
6231
5304
5310
5305
5983
6233
5984
5295
5296
5297
5298
5985
5295
5296
6216
5295
5297
5296
5297
5987
6218
5989
6220
5299
5991
5299
5300
5306
5304
5305
5306
5985
5304
5305
5315
6237
5304
5306
5316
5305
5306
5988
6238
5318
5990
6240
5991
5310
5311
5315
5650
5310
5311
5313
5651
5318
5314
5319
5653
5314
5320
5370
5314
5371
5322
5373
5318
5319
6007
5318
5319
5321
6008
5322
6010
5322
5377
5322
5378
5380
5325
5331
5325
5328
5330
5333
5329
5330
5334
5347
6077
5329
5348
5330
6078
5337
5350
5338
6080
5333
5426
5333
5336
5427
5338
5429
5337
5338
5363
6091
5337
5364
5338
6092
5366
6094
5343
5344
5345
5355
5992
5343
5344
5356
5635
5343
5345
5344
5345
5637
5994
5359
5360
5639
5996
5998
5350
5351
5352
5362
5992
5350
5351
5363
5656
5350
5352
5351
5352
5657
5995
5366
5367
5659
5997
5998
5354
5355
5362
5361
5368
5359
5360
5361
5999
5359
5360
6223
5359
5361
5360
5361
6001
6225
6003
6227
6005
5366
5367
5368
5999
5366
5367
6244
5366
5368
5367
5368
6002
6245
6004
6247
6005
5373
5374
5375
5376
5649
5373
5374
5377
5373
5375
5651
5374
5375
5380
5653
5381
5655
5380
5381
5382
6006
6013
5380
5381
5391
5380
5382
6008
5381
5382
5393
6015
6010
5395
6017
6012
6019
5387
5388
5389
5397
6027
5387
5388
5398
5387
5389
5388
5389
6029
5401
5402
6031
6033
5394
5395
5396
5397
6034
5394
5395
5394
5396
5399
5395
5396
6036
5401
6038
5403
6040
5401
5402
5403
6041
5401
5402
5412
5401
5403
5402
5403
5414
6043
5416
6045
6047
5408
5409
5410
5418
6055
5408
5409
5419
5408
5410
5409
5410
6057
5422
5423
6059
6061
5415
5416
5417
5418
6062
5415
5416
5415
5417
5420
5416
5417
6064
5422
6066
5424
6068
5422
5423
5424
6069
5422
5423
5426
5422
5424
5423
5424
5428
6071
5430
6073
6075
5429
5430
5431
6090
6097
5429
5430
5429
5431
6092
5430
5431
6099
6094
6101
6096
6103
5434
5436
5434
5437
5438
5440
5436
5437
5438
5442
5438
5444
5441
5443
5441
5444
5445
5447
5713
5714
5716
5443
5444
5445
5449
5445
5451
5448
5450
5448
5451
5482
5483
5485
5452
5454
5734
5735
5737
5450
5451
5452
5456
5452
5458
5455
5457
5455
5458
5489
5490
5492
5459
5461
5741
5742
5744
5457
5458
5459
5463
5459
5465
5462
5464
5462
5465
5466
5468
5464
5465
5466
5470
5466
5472
5469
5471
5469
5472
5473
5471
5472
5473
5473
5476
5478
5476
5479
5480
5478
5479
5480
5480
5485
5486
5487
5733
5485
5486
5713
5485
5487
5735
5486
5487
5715
5737
5717
5739
5492
5493
5494
5740
5492
5493
5734
5492
5494
5742
5493
5494
5736
5744
5738
5746
5497
5499
5497
5500
5501
5499
5500
5501
5501
5506
5507
5508
5761
5506
5507
5762
5506
5508
5507
5508
5765
5766
5511
5513
5511
5514
5515
5513
5514
5515
5515
5518
5520
5518
5521
5522
5537
5520
5521
5522
5522
5540
5541
5527
5528
5529
5782
5527
5528
5783
5527
5529
5528
5529
5786
5787
5532
5534
5532
5535
5536
5551
5534
5535
5536
5536
5554
5555
5539
5541
5539
5542
5543
5558
5811
5812
5814
5541
5542
5543
5543
5561
5562
5548
5549
5550
5824
5548
5549
5825
6174
5548
5550
6176
5549
5550
5828
6178
5829
5553
5555
5553
5556
5557
5572
5555
5556
5557
5557
5575
5832
5833
5835
5576
5560
5562
5566
5568
5570
5560
5563
5564
5579
5839
5840
5842
5562
5563
5564
5564
5582
5583
5569
5570
5571
5838
5569
5570
5811
5569
5571
5813
5570
5571
5840
5815
5842
5844
5574
5576
5574
5577
5853
5854
5856
5578
5593
5576
5577
5860
5862
5864
5578
5578
5596
5867
5868
5870
5597
5581
5583
5587
5589
5591
5581
5584
5585
5600
5874
5875
5877
5583
5584
5585
5585
5603
5604
5590
5591
5592
5873
5590
5591
5839
5590
5592
5841
5591
5592
5875
5843
5877
5879
5595
5597
5595
5598
5888
5889
5891
5599
5607
5597
5598
5895
5897
5899
5599
5599
5610
5902
5903
5905
5611
5602
5604
5602
5605
5606
5614
5604
5605
5606
5606
5617
5618
5609
5611
5609
5612
5613
5628
5611
5612
5937
5939
5941
5613
5613
5631
5632
5616
5618
5616
5619
5620
5618
5619
5620
5620
5624
5625
5930
6202
5624
5627
5932
5625
5627
5626
5934
6205
5626
6206
5627
6207
5630
5632
5630
5633
5634
5632
5633
5634
5634
5638
5639
6223
5638
5641
5639
5641
5640
6226
5640
6227
5641
6228
5644
5646
5644
5647
5648
5646
5647
5648
5648
5653
5654
5655
6006
5653
5654
6007
6230
5653
5655
5654
5655
6232
6010
6011
6234
5659
5660
6077
6244
5659
5662
5660
5662
6079
5661
6247
5661
6081
6248
5662
6249
5665
5667
5665
5668
5669
5667
5668
5669
5669
5672
5674
5672
5675
5676
5678
5674
5675
5676
5680
5676
5682
5679
5681
5679
5682
5683
5685
5681
5682
5683
5687
6014
6016
6018
5683
5689
5686
5688
6028
6030
6032
5686
5689
5690
5692
5688
5689
6035
6037
6039
5690
5694
6042
6044
6046
5690
5696
5693
5695
6056
6058
6060
5693
5696
5697
5699
5695
5696
6063
6065
6067
5697
5701
6070
6072
6074
5697
5703
5700
5702
5700
5703
5704
5706
5702
5703
6098
6100
6102
5704
5708
5704
5710
5707
5709
5707
5710
5711
5709
5710
5711
5711
5716
5717
5718
5716
5717
5716
5718
5717
5718
5723
5724
5725
5726
5723
5724
5727
6104
5723
5725
6105
5724
5725
5730
6107
5731
5730
5731
5732
5730
5731
6111
5730
5732
6112
5731
5732
6114
5737
5738
5739
5737
5738
5737
5739
5738
5739
5744
5745
5746
5744
5745
5744
5746
5745
5746
5751
5752
5753
5754
5751
5752
5755
6118
5751
5753
6119
5752
5753
5758
6121
5759
5758
5759
5760
5758
5759
6125
5758
5760
6126
5759
5760
6128
5765
5766
5767
5765
5766
5765
5767
5766
5767
5772
5773
5774
5775
5772
5773
5776
5772
5774
5773
5774
5779
5780
5779
5780
5781
5779
5780
5779
5781
5780
5781
5786
5787
5788
5786
5787
5786
5788
5787
5788
5793
5794
5795
5796
5793
5794
5797
5793
5795
5794
5795
5800
5801
5800
5801
5802
5800
5801
5800
5802
5801
5802
5807
5808
5809
5817
5807
5808
5818
6160
5807
5809
6162
5808
5809
5821
6164
5822
5814
5815
5816
5814
5815
5814
5816
5815
5816
5821
5822
5823
5821
5822
6167
5821
5823
6169
5822
5823
6171
5828
5829
5830
5828
5829
6181
5828
5830
6183
5829
5830
6185
5835
5836
5837
5835
5836
5860
5835
5837
5836
5837
5861
5863
5842
5843
5844
5842
5843
5842
5844
5843
5844
5849
5850
5851
5852
5859
5849
5850
5860
5849
5851
5850
5851
5854
5863
5856
5864
5858
5856
5857
5858
5866
5856
5857
5867
5881
5856
5858
5857
5858
5882
5870
5871
5884
5863
5864
5865
5866
5863
5864
5863
5865
5864
5865
5868
5870
5872
5870
5871
5872
5870
5871
5895
5870
5872
5871
5872
5896
5898
5877
5878
5879
5877
5878
5877
5879
5878
5879
5884
5885
5886
5887
5894
5884
5885
5895
5884
5886
5885
5886
5889
5898
5891
5899
5893
5891
5892
5893
5901
5891
5892
5902
5923
5891
5893
5892
5893
5924
5905
5906
5926
5898
5899
5900
5901
5898
5899
5898
5900
5899
5900
5903
5905
5907
5905
5906
5907
5905
5906
5937
5905
5907
5906
5907
5938
5940
5912
5913
5914
5915
5912
5913
5916
6188
5912
5914
5913
5914
6189
5919
5920
6191
5919
5920
5921
5919
5920
6195
5919
5921
5920
5921
6196
6198
5926
5927
5928
5936
5926
5927
5937
5926
5928
5927
5928
5940
5941
5933
5934
5935
5943
5933
5934
5944
5933
5935
5934
5935
5947
5948
5940
5941
5942
5940
5941
5940
5942
5941
5942
5947
5948
5949
5947
5948
6202
5947
5949
5948
5949
6203
6205
5954
5955
5956
5957
5954
5955
5958
5954
5956
5955
5956
5961
5962
5961
5962
5963
5961
5962
5961
5963
5962
5963
5968
5969
5970
5971
5968
5969
5972
5968
5970
5969
5970
5975
5976
5975
5976
5977
5975
5976
5975
5977
5976
5977
5982
5983
5984
5985
5982
5983
5986
5982
5984
5983
5984
5989
5990
5989
5990
5991
5989
5990
5989
5991
5990
5991
5996
5997
5998
5999
5996
5997
6000
5996
5998
5997
5998
6003
6004
6003
6004
6005
6003
6004
6003
6005
6004
6005
6010
6011
6012
6010
6011
6237
6010
6012
6011
6012
6239
6241
6017
6018
6019
6017
6018
6035
6017
6019
6036
6018
6019
6038
6024
6025
6026
6027
6034
6024
6025
6035
6024
6026
6025
6026
6030
6038
6032
6039
6033
6031
6032
6033
6041
6031
6032
6042
6049
6031
6033
6050
6032
6033
6045
6052
6046
6038
6039
6040
6041
6038
6039
6038
6040
6039
6040
6044
6046
6047
6045
6046
6047
6045
6046
6063
6045
6047
6064
6046
6047
6066
6052
6053
6054
6055
6062
6052
6053
6063
6052
6054
6053
6054
6058
6066
6060
6067
6061
6059
6060
6061
6069
6059
6060
6070
6084
6059
6061
6085
6060
6061
6073
6087
6074
6066
6067
6068
6069
6066
6067
6066
6068
6067
6068
6072
6074
6075
6073
6074
6075
6073
6074
6098
6073
6075
6099
6074
6075
6101
6080
6081
6082
6090
6080
6081
6091
6080
6082
6081
6082
6094
6095
6087
6088
6089
6097
6087
6088
6098
6087
6089
6088
6089
6101
6102
6094
6095
6096
6094
6095
6244
6094
6096
6095
6096
6246
6248
6101
6102
6103
6101
6102
6101
6103
6102
6103
6107
6108
6111
6107
6110
6108
6110
6109
6114
6109
6115
6110
6116
6114
6115
6114
6117
6115
6117
6116
6116
6117
6121
6122
6125
6121
6124
6122
6124
6123
6128
6123
6129
6124
6130
6128
6129
6128
6131
6129
6131
6130
6130
6131
6135
6136
6139
6135
6138
6136
6138
6137
6142
6137
6143
6138
6144
6142
6143
6142
6145
6143
6145
6144
6144
6145
6149
6150
6153
6149
6152
6150
6152
6151
6156
6151
6157
6152
6158
6156
6157
6156
6159
6157
6159
6158
6158
6159
6163
6164
6167
6163
6166
6164
6166
6165
6170
6165
6171
6166
6172
6170
6171
6170
6173
6171
6173
6172
6172
6173
6177
6178
6181
6177
6180
6178
6180
6179
6184
6179
6185
6180
6186
6184
6185
6184
6187
6185
6187
6186
6186
6187
6191
6192
6195
6191
6194
6192
6194
6193
6198
6193
6199
6194
6200
6198
6199
6198
6201
6199
6201
6200
6200
6201
6205
6206
6205
6208
6206
6208
6207
6207
6208
6212
6213
6216
6212
6215
6213
6215
6214
6219
6214
6220
6215
6221
6219
6220
6219
6222
6220
6222
6221
6221
6222
6226
6227
6226
6229
6227
6229
6228
6228
6229
6233
6234
6237
6233
6236
6234
6236
6235
6240
6235
6241
6236
6242
6240
6241
6240
6243
6241
6243
6242
6242
6243
6247
6248
6247
6250
6248
6250
6249
6249
6250
6253
6255
6253
6256
6257
6255
6256
6257
6257
6260
6262
6260
6263
6264
6262
6263
6264
6264
6267
6269
6267
6270
6271
6269
6270
6271
6271
)


// ************************************************************************* //
