/*--------------------------------*- C++ -*----------------------------------*\
| =========                 |                                                 |
| \\      /  F ield         | OpenFOAM: The Open Source CFD Toolbox           |
|  \\    /   O peration     | Version:  2206                                  |
|   \\  /    A nd           | Website:  www.openfoam.com                      |
|    \\/     M anipulation  |                                                 |
\*---------------------------------------------------------------------------*/
FoamFile
{
    version     2.0;
    format      ascii;
    arch        "LSB;label=32;scalar=64";
    note        "nPoints:9266  nCells:4480  nFaces:18072  nInternalFaces:8808";
    class       labelList;
    location    "constant/polyMesh";
    object      neighbour;
}
// * * * * * * * * * * * * * * * * * * * * * * * * * * * * * * * * * * * * * //


8808
(
1
40
2
41
3
42
4
43
5
44
6
45
7
46
8
47
9
48
10
49
11
50
12
51
13
52
14
53
15
54
16
55
17
56
18
57
19
58
20
59
21
60
22
61
23
62
24
63
25
64
26
65
27
66
28
67
29
68
30
69
31
70
32
71
33
72
34
73
35
74
36
75
37
76
38
77
39
78
79
41
80
42
81
43
82
44
83
45
84
46
85
47
86
48
87
49
88
50
89
51
90
52
91
53
92
54
93
55
94
56
95
57
96
58
97
59
98
60
99
61
100
62
101
63
102
64
103
65
104
66
105
67
106
68
107
69
108
70
109
71
110
72
111
73
112
74
113
75
114
76
115
77
116
78
117
79
118
119
81
120
82
121
83
122
84
123
85
124
86
125
87
126
88
127
89
128
90
129
91
130
92
131
93
132
94
133
95
134
96
135
97
136
98
137
99
138
100
139
101
140
102
141
103
142
104
143
105
144
106
145
107
146
108
147
109
148
110
149
111
150
112
151
113
152
114
153
115
154
116
155
117
156
118
157
119
158
159
121
160
122
161
123
162
124
163
125
164
126
165
127
166
128
167
129
168
130
169
131
170
132
171
133
172
134
173
135
174
136
175
137
176
138
177
139
178
140
179
141
180
142
181
143
182
144
183
145
184
146
185
147
186
148
187
149
188
150
189
151
190
152
191
153
192
154
193
155
194
156
195
157
196
158
197
159
198
199
161
200
162
201
163
202
164
203
165
204
166
205
167
206
168
207
169
208
170
209
171
210
172
211
173
212
174
213
175
214
176
215
177
216
178
217
179
218
180
219
181
220
182
221
183
222
184
223
185
224
186
225
187
226
188
227
189
228
190
229
191
230
192
231
193
232
194
233
195
234
196
235
197
236
198
237
199
238
239
201
240
202
241
203
242
204
243
205
244
206
245
207
246
208
247
209
248
210
249
211
250
212
251
213
252
214
253
215
254
216
255
217
256
218
257
219
258
220
259
221
260
222
261
223
262
224
263
225
264
226
265
227
266
228
267
229
268
230
269
231
270
232
271
233
272
234
273
235
274
236
275
237
276
238
277
239
278
279
241
280
242
281
243
282
244
283
245
284
246
285
247
286
248
287
249
288
250
289
251
290
252
291
253
292
254
293
255
294
256
295
257
296
258
297
259
298
260
299
261
300
262
301
263
302
264
303
265
304
266
305
267
306
268
307
269
308
270
309
271
310
272
311
273
312
274
313
275
314
276
315
277
316
278
317
279
318
319
281
320
282
321
283
322
284
323
285
324
286
325
287
326
288
327
289
328
290
329
291
330
292
331
293
332
294
333
295
334
296
335
297
336
298
337
299
338
300
339
301
340
302
341
303
342
304
343
305
344
306
345
307
346
308
347
309
348
310
349
311
350
312
351
313
352
314
353
315
354
316
355
317
356
318
357
319
358
359
321
360
322
361
323
362
324
363
325
364
326
365
327
366
328
367
329
368
330
369
331
370
332
371
333
372
334
373
335
374
336
375
337
376
338
377
339
378
340
379
341
380
342
381
343
382
344
383
345
384
346
385
347
386
348
387
349
388
350
389
351
390
352
391
353
392
354
393
355
394
356
395
357
396
358
397
359
398
399
361
400
362
401
363
402
364
403
365
404
366
405
367
406
368
407
369
408
370
409
371
410
372
411
373
412
374
413
375
414
376
415
377
416
378
417
379
418
380
419
381
420
382
421
383
422
384
423
385
424
386
425
387
426
388
427
389
428
390
429
391
430
392
431
393
432
394
433
395
434
396
435
397
436
398
437
399
438
439
401
440
402
441
403
442
404
443
405
444
406
445
407
446
408
447
409
448
410
449
411
450
412
451
413
452
414
453
415
454
416
455
417
456
418
457
419
458
420
459
421
460
422
461
423
462
424
463
425
464
426
465
427
466
428
467
429
468
430
469
431
470
432
471
433
472
434
473
435
474
436
475
437
476
438
477
439
478
479
441
480
442
481
443
482
444
483
445
484
446
485
447
486
448
487
449
488
450
489
451
490
452
491
453
492
454
493
455
494
456
495
457
496
458
497
459
498
460
499
461
500
462
501
463
502
464
503
465
504
466
505
467
506
468
507
469
508
470
509
471
510
472
511
473
512
474
513
475
514
476
515
477
516
478
517
479
518
519
481
520
482
521
483
522
484
523
485
524
486
525
487
526
488
527
489
528
490
529
491
530
492
531
493
532
494
533
495
534
496
535
497
536
498
537
499
538
500
539
501
540
502
541
503
542
504
543
505
544
506
545
507
546
508
547
509
548
510
549
511
550
512
551
513
552
514
553
515
554
516
555
517
556
518
557
519
558
559
521
560
522
561
523
562
524
563
525
564
526
565
527
566
528
567
529
568
530
569
531
570
532
571
533
572
534
573
535
574
536
575
537
576
538
577
539
578
540
579
541
580
542
581
543
582
544
583
545
584
546
585
547
586
548
587
549
588
550
589
551
590
552
591
553
592
554
593
555
594
556
595
557
596
558
597
559
598
599
561
600
562
601
563
602
564
603
565
604
566
605
567
606
568
607
569
608
570
609
571
610
572
611
573
612
574
613
575
614
576
615
577
616
578
617
579
618
580
619
581
620
582
621
583
622
584
623
585
624
586
625
587
626
588
627
589
628
590
629
591
630
592
631
593
632
594
633
595
634
596
635
597
636
598
637
599
638
639
601
640
602
641
603
642
604
643
605
644
606
645
607
646
608
647
609
648
610
649
611
650
612
651
613
652
614
653
615
654
616
655
617
656
618
657
619
658
620
659
621
660
622
661
623
662
624
663
625
664
626
665
627
666
628
667
629
668
630
669
631
670
632
671
633
672
634
673
635
674
636
675
637
676
638
677
639
678
679
641
680
642
681
643
682
644
683
645
684
646
685
647
686
648
687
649
688
650
689
651
690
652
691
653
692
654
693
655
694
656
695
657
696
658
697
659
698
660
699
661
700
662
701
663
702
664
703
665
704
666
705
667
706
668
707
669
708
670
709
671
710
672
711
673
712
674
713
675
714
676
715
677
716
678
717
679
718
719
681
1440
682
1441
683
1442
684
1443
685
1444
686
1445
687
1446
688
1447
689
1448
690
1449
691
1450
692
1451
693
1452
694
1453
695
1454
696
1455
697
1456
698
1457
699
1458
700
1459
701
1460
702
1461
703
1462
704
1463
705
1464
706
1465
707
1466
708
1467
709
1468
710
1469
711
1470
712
1471
713
1472
714
1473
715
1474
716
1475
717
1476
718
1477
719
1478
1479
721
738
1479
722
739
723
740
724
741
725
742
726
743
727
744
728
745
729
746
730
747
731
748
732
749
733
750
734
751
735
752
736
753
737
754
755
739
756
1519
740
757
741
758
742
759
743
760
744
761
745
762
746
763
747
764
748
765
749
766
750
767
751
768
752
769
753
770
754
771
755
772
773
757
774
1559
758
775
759
776
760
777
761
778
762
779
763
780
764
781
765
782
766
783
767
784
768
785
769
786
770
787
771
788
772
789
773
790
791
775
792
1599
776
793
777
794
778
795
779
796
780
797
781
798
782
799
783
800
784
801
785
802
786
803
787
804
788
805
789
806
790
807
791
808
809
793
810
1639
794
811
795
812
796
813
797
814
798
815
799
816
800
817
801
818
802
819
803
820
804
821
805
822
806
823
807
824
808
825
809
826
827
811
828
1679
812
829
813
830
814
831
815
832
816
833
817
834
818
835
819
836
820
837
821
838
822
839
823
840
824
841
825
842
826
843
827
844
845
829
846
1719
830
847
831
848
832
849
833
850
834
851
835
852
836
853
837
854
838
855
839
856
840
857
841
858
842
859
843
860
844
861
845
862
863
847
864
1759
848
865
849
866
850
867
851
868
852
869
853
870
854
871
855
872
856
873
857
874
858
875
859
876
860
877
861
878
862
879
863
880
881
865
882
1799
866
883
867
884
868
885
869
886
870
887
871
888
872
889
873
890
874
891
875
892
876
893
877
894
878
895
879
896
880
897
881
898
899
883
900
1839
884
901
885
902
886
903
887
904
888
905
889
906
890
907
891
908
892
909
893
910
894
911
895
912
896
913
897
914
898
915
899
916
917
901
918
1879
902
919
903
920
904
921
905
922
906
923
907
924
908
925
909
926
910
927
911
928
912
929
913
930
914
931
915
932
916
933
917
934
935
919
936
1919
920
937
921
938
922
939
923
940
924
941
925
942
926
943
927
944
928
945
929
946
930
947
931
948
932
949
933
950
934
951
935
952
953
937
954
1959
938
955
939
956
940
957
941
958
942
959
943
960
944
961
945
962
946
963
947
964
948
965
949
966
950
967
951
968
952
969
953
970
971
955
972
1999
956
973
957
974
958
975
959
976
960
977
961
978
962
979
963
980
964
981
965
982
966
983
967
984
968
985
969
986
970
987
971
988
989
973
990
2039
974
991
975
992
976
993
977
994
978
995
979
996
980
997
981
998
982
999
983
1000
984
1001
985
1002
986
1003
987
1004
988
1005
989
1006
1007
991
1008
2079
992
1009
993
1010
994
1011
995
1012
996
1013
997
1014
998
1015
999
1016
1000
1017
1001
1018
1002
1019
1003
1020
1004
1021
1005
1022
1006
1023
1007
1024
1025
1009
1026
2119
1010
1027
1011
1028
1012
1029
1013
1030
1014
1031
1015
1032
1016
1033
1017
1034
1018
1035
1019
1036
1020
1037
1021
1038
1022
1039
1023
1040
1024
1041
1025
1042
1043
1027
1044
2159
1028
1045
1029
1046
1030
1047
1031
1048
1032
1049
1033
1050
1034
1051
1035
1052
1036
1053
1037
1054
1038
1055
1039
1056
1040
1057
1041
1058
1042
1059
1043
1060
1061
1045
1062
2199
1046
1063
1047
1064
1048
1065
1049
1066
1050
1067
1051
1068
1052
1069
1053
1070
1054
1071
1055
1072
1056
1073
1057
1074
1058
1075
1059
1076
1060
1077
1061
1078
1079
1063
1080
2239
1064
1081
1065
1082
1066
1083
1067
1084
1068
1085
1069
1086
1070
1087
1071
1088
1072
1089
1073
1090
1074
1091
1075
1092
1076
1093
1077
1094
1078
1095
1079
1096
1097
1081
1098
2279
1082
1099
1083
1100
1084
1101
1085
1102
1086
1103
1087
1104
1088
1105
1089
1106
1090
1107
1091
1108
1092
1109
1093
1110
1094
1111
1095
1112
1096
1113
1097
1114
1115
1099
1116
2319
1100
1117
1101
1118
1102
1119
1103
1120
1104
1121
1105
1122
1106
1123
1107
1124
1108
1125
1109
1126
1110
1127
1111
1128
1112
1129
1113
1130
1114
1131
1115
1132
1133
1117
1134
2359
1118
1135
1119
1136
1120
1137
1121
1138
1122
1139
1123
1140
1124
1141
1125
1142
1126
1143
1127
1144
1128
1145
1129
1146
1130
1147
1131
1148
1132
1149
1133
1150
1151
1135
1152
2399
1136
1153
1137
1154
1138
1155
1139
1156
1140
1157
1141
1158
1142
1159
1143
1160
1144
1161
1145
1162
1146
1163
1147
1164
1148
1165
1149
1166
1150
1167
1151
1168
1169
1153
1170
2439
1154
1171
1155
1172
1156
1173
1157
1174
1158
1175
1159
1176
1160
1177
1161
1178
1162
1179
1163
1180
1164
1181
1165
1182
1166
1183
1167
1184
1168
1185
1169
1186
1187
1171
1188
2479
1172
1189
1173
1190
1174
1191
1175
1192
1176
1193
1177
1194
1178
1195
1179
1196
1180
1197
1181
1198
1182
1199
1183
1200
1184
1201
1185
1202
1186
1203
1187
1204
1205
1189
1206
2519
1190
1207
1191
1208
1192
1209
1193
1210
1194
1211
1195
1212
1196
1213
1197
1214
1198
1215
1199
1216
1200
1217
1201
1218
1202
1219
1203
1220
1204
1221
1205
1222
1223
1207
1224
2559
1208
1225
1209
1226
1210
1227
1211
1228
1212
1229
1213
1230
1214
1231
1215
1232
1216
1233
1217
1234
1218
1235
1219
1236
1220
1237
1221
1238
1222
1239
1223
1240
1241
1225
1242
2599
1226
1243
1227
1244
1228
1245
1229
1246
1230
1247
1231
1248
1232
1249
1233
1250
1234
1251
1235
1252
1236
1253
1237
1254
1238
1255
1239
1256
1240
1257
1241
1258
1259
1243
1260
2639
1244
1261
1245
1262
1246
1263
1247
1264
1248
1265
1249
1266
1250
1267
1251
1268
1252
1269
1253
1270
1254
1271
1255
1272
1256
1273
1257
1274
1258
1275
1259
1276
1277
1261
1278
2679
1262
1279
1263
1280
1264
1281
1265
1282
1266
1283
1267
1284
1268
1285
1269
1286
1270
1287
1271
1288
1272
1289
1273
1290
1274
1291
1275
1292
1276
1293
1277
1294
1295
1279
1296
2719
1280
1297
1281
1298
1282
1299
1283
1300
1284
1301
1285
1302
1286
1303
1287
1304
1288
1305
1289
1306
1290
1307
1291
1308
1292
1309
1293
1310
1294
1311
1295
1312
1313
1297
1314
2759
1298
1315
1299
1316
1300
1317
1301
1318
1302
1319
1303
1320
1304
1321
1305
1322
1306
1323
1307
1324
1308
1325
1309
1326
1310
1327
1311
1328
1312
1329
1313
1330
1331
1315
1332
2799
1316
1333
1317
1334
1318
1335
1319
1336
1320
1337
1321
1338
1322
1339
1323
1340
1324
1341
1325
1342
1326
1343
1327
1344
1328
1345
1329
1346
1330
1347
1331
1348
1349
1333
1350
2839
1334
1351
1335
1352
1336
1353
1337
1354
1338
1355
1339
1356
1340
1357
1341
1358
1342
1359
1343
1360
1344
1361
1345
1362
1346
1363
1347
1364
1348
1365
1349
1366
1367
1351
1368
2879
1352
1369
1353
1370
1354
1371
1355
1372
1356
1373
1357
1374
1358
1375
1359
1376
1360
1377
1361
1378
1362
1379
1363
1380
1364
1381
1365
1382
1366
1383
1367
1384
1385
1369
1386
2919
1370
1387
1371
1388
1372
1389
1373
1390
1374
1391
1375
1392
1376
1393
1377
1394
1378
1395
1379
1396
1380
1397
1381
1398
1382
1399
1383
1400
1384
1401
1385
1402
1403
1387
1404
2959
1388
1405
1389
1406
1390
1407
1391
1408
1392
1409
1393
1410
1394
1411
1395
1412
1396
1413
1397
1414
1398
1415
1399
1416
1400
1417
1401
1418
1402
1419
1403
1420
1421
1405
1422
2999
1406
1423
1407
1424
1408
1425
1409
1426
1410
1427
1411
1428
1412
1429
1413
1430
1414
1431
1415
1432
1416
1433
1417
1434
1418
1435
1419
1436
1420
1437
1421
1438
1439
1423
3039
1424
1425
1426
1427
1428
1429
1430
1431
1432
1433
1434
1435
1436
1437
1438
1439
1441
1480
3057
1442
1481
1443
1482
1444
1483
1445
1484
1446
1485
1447
1486
1448
1487
1449
1488
1450
1489
1451
1490
1452
1491
1453
1492
1454
1493
1455
1494
1456
1495
1457
1496
1458
1497
1459
1498
1460
1499
1461
1500
1462
1501
1463
1502
1464
1503
1465
1504
1466
1505
1467
1506
1468
1507
1469
1508
1470
1509
1471
1510
1472
1511
1473
1512
1474
1513
1475
1514
1476
1515
1477
1516
1478
1517
1479
1518
1519
1481
1520
3075
1482
1521
1483
1522
1484
1523
1485
1524
1486
1525
1487
1526
1488
1527
1489
1528
1490
1529
1491
1530
1492
1531
1493
1532
1494
1533
1495
1534
1496
1535
1497
1536
1498
1537
1499
1538
1500
1539
1501
1540
1502
1541
1503
1542
1504
1543
1505
1544
1506
1545
1507
1546
1508
1547
1509
1548
1510
1549
1511
1550
1512
1551
1513
1552
1514
1553
1515
1554
1516
1555
1517
1556
1518
1557
1519
1558
1559
1521
1560
3093
1522
1561
1523
1562
1524
1563
1525
1564
1526
1565
1527
1566
1528
1567
1529
1568
1530
1569
1531
1570
1532
1571
1533
1572
1534
1573
1535
1574
1536
1575
1537
1576
1538
1577
1539
1578
1540
1579
1541
1580
1542
1581
1543
1582
1544
1583
1545
1584
1546
1585
1547
1586
1548
1587
1549
1588
1550
1589
1551
1590
1552
1591
1553
1592
1554
1593
1555
1594
1556
1595
1557
1596
1558
1597
1559
1598
1599
1561
1600
3111
1562
1601
1563
1602
1564
1603
1565
1604
1566
1605
1567
1606
1568
1607
1569
1608
1570
1609
1571
1610
1572
1611
1573
1612
1574
1613
1575
1614
1576
1615
1577
1616
1578
1617
1579
1618
1580
1619
1581
1620
1582
1621
1583
1622
1584
1623
1585
1624
1586
1625
1587
1626
1588
1627
1589
1628
1590
1629
1591
1630
1592
1631
1593
1632
1594
1633
1595
1634
1596
1635
1597
1636
1598
1637
1599
1638
1639
1601
1640
3129
1602
1641
1603
1642
1604
1643
1605
1644
1606
1645
1607
1646
1608
1647
1609
1648
1610
1649
1611
1650
1612
1651
1613
1652
1614
1653
1615
1654
1616
1655
1617
1656
1618
1657
1619
1658
1620
1659
1621
1660
1622
1661
1623
1662
1624
1663
1625
1664
1626
1665
1627
1666
1628
1667
1629
1668
1630
1669
1631
1670
1632
1671
1633
1672
1634
1673
1635
1674
1636
1675
1637
1676
1638
1677
1639
1678
1679
1641
1680
3147
1642
1681
1643
1682
1644
1683
1645
1684
1646
1685
1647
1686
1648
1687
1649
1688
1650
1689
1651
1690
1652
1691
1653
1692
1654
1693
1655
1694
1656
1695
1657
1696
1658
1697
1659
1698
1660
1699
1661
1700
1662
1701
1663
1702
1664
1703
1665
1704
1666
1705
1667
1706
1668
1707
1669
1708
1670
1709
1671
1710
1672
1711
1673
1712
1674
1713
1675
1714
1676
1715
1677
1716
1678
1717
1679
1718
1719
1681
1720
3165
1682
1721
1683
1722
1684
1723
1685
1724
1686
1725
1687
1726
1688
1727
1689
1728
1690
1729
1691
1730
1692
1731
1693
1732
1694
1733
1695
1734
1696
1735
1697
1736
1698
1737
1699
1738
1700
1739
1701
1740
1702
1741
1703
1742
1704
1743
1705
1744
1706
1745
1707
1746
1708
1747
1709
1748
1710
1749
1711
1750
1712
1751
1713
1752
1714
1753
1715
1754
1716
1755
1717
1756
1718
1757
1719
1758
1759
1721
1760
3183
1722
1761
1723
1762
1724
1763
1725
1764
1726
1765
1727
1766
1728
1767
1729
1768
1730
1769
1731
1770
1732
1771
1733
1772
1734
1773
1735
1774
1736
1775
1737
1776
1738
1777
1739
1778
1740
1779
1741
1780
1742
1781
1743
1782
1744
1783
1745
1784
1746
1785
1747
1786
1748
1787
1749
1788
1750
1789
1751
1790
1752
1791
1753
1792
1754
1793
1755
1794
1756
1795
1757
1796
1758
1797
1759
1798
1799
1761
1800
3201
1762
1801
1763
1802
1764
1803
1765
1804
1766
1805
1767
1806
1768
1807
1769
1808
1770
1809
1771
1810
1772
1811
1773
1812
1774
1813
1775
1814
1776
1815
1777
1816
1778
1817
1779
1818
1780
1819
1781
1820
1782
1821
1783
1822
1784
1823
1785
1824
1786
1825
1787
1826
1788
1827
1789
1828
1790
1829
1791
1830
1792
1831
1793
1832
1794
1833
1795
1834
1796
1835
1797
1836
1798
1837
1799
1838
1839
1801
1840
3219
1802
1841
1803
1842
1804
1843
1805
1844
1806
1845
1807
1846
1808
1847
1809
1848
1810
1849
1811
1850
1812
1851
1813
1852
1814
1853
1815
1854
1816
1855
1817
1856
1818
1857
1819
1858
1820
1859
1821
1860
1822
1861
1823
1862
1824
1863
1825
1864
1826
1865
1827
1866
1828
1867
1829
1868
1830
1869
1831
1870
1832
1871
1833
1872
1834
1873
1835
1874
1836
1875
1837
1876
1838
1877
1839
1878
1879
1841
1880
3237
1842
1881
1843
1882
1844
1883
1845
1884
1846
1885
1847
1886
1848
1887
1849
1888
1850
1889
1851
1890
1852
1891
1853
1892
1854
1893
1855
1894
1856
1895
1857
1896
1858
1897
1859
1898
1860
1899
1861
1900
1862
1901
1863
1902
1864
1903
1865
1904
1866
1905
1867
1906
1868
1907
1869
1908
1870
1909
1871
1910
1872
1911
1873
1912
1874
1913
1875
1914
1876
1915
1877
1916
1878
1917
1879
1918
1919
1881
1920
3255
1882
1921
1883
1922
1884
1923
1885
1924
1886
1925
1887
1926
1888
1927
1889
1928
1890
1929
1891
1930
1892
1931
1893
1932
1894
1933
1895
1934
1896
1935
1897
1936
1898
1937
1899
1938
1900
1939
1901
1940
1902
1941
1903
1942
1904
1943
1905
1944
1906
1945
1907
1946
1908
1947
1909
1948
1910
1949
1911
1950
1912
1951
1913
1952
1914
1953
1915
1954
1916
1955
1917
1956
1918
1957
1919
1958
1959
1921
1960
3273
1922
1961
1923
1962
1924
1963
1925
1964
1926
1965
1927
1966
1928
1967
1929
1968
1930
1969
1931
1970
1932
1971
1933
1972
1934
1973
1935
1974
1936
1975
1937
1976
1938
1977
1939
1978
1940
1979
1941
1980
1942
1981
1943
1982
1944
1983
1945
1984
1946
1985
1947
1986
1948
1987
1949
1988
1950
1989
1951
1990
1952
1991
1953
1992
1954
1993
1955
1994
1956
1995
1957
1996
1958
1997
1959
1998
1999
1961
2000
3291
1962
2001
1963
2002
1964
2003
1965
2004
1966
2005
1967
2006
1968
2007
1969
2008
1970
2009
1971
2010
1972
2011
1973
2012
1974
2013
1975
2014
1976
2015
1977
2016
1978
2017
1979
2018
1980
2019
1981
2020
1982
2021
1983
2022
1984
2023
1985
2024
1986
2025
1987
2026
1988
2027
1989
2028
1990
2029
1991
2030
1992
2031
1993
2032
1994
2033
1995
2034
1996
2035
1997
2036
1998
2037
1999
2038
2039
2001
2040
3309
2002
2041
2003
2042
2004
2043
2005
2044
2006
2045
2007
2046
2008
2047
2009
2048
2010
2049
2011
2050
2012
2051
2013
2052
2014
2053
2015
2054
2016
2055
2017
2056
2018
2057
2019
2058
2020
2059
2021
2060
2022
2061
2023
2062
2024
2063
2025
2064
2026
2065
2027
2066
2028
2067
2029
2068
2030
2069
2031
2070
2032
2071
2033
2072
2034
2073
2035
2074
2036
2075
2037
2076
2038
2077
2039
2078
2079
2041
2080
3327
2042
2081
2043
2082
2044
2083
2045
2084
2046
2085
2047
2086
2048
2087
2049
2088
2050
2089
2051
2090
2052
2091
2053
2092
2054
2093
2055
2094
2056
2095
2057
2096
2058
2097
2059
2098
2060
2099
2061
2100
2062
2101
2063
2102
2064
2103
2065
2104
2066
2105
2067
2106
2068
2107
2069
2108
2070
2109
2071
2110
2072
2111
2073
2112
2074
2113
2075
2114
2076
2115
2077
2116
2078
2117
2079
2118
2119
2081
2120
3345
2082
2121
2083
2122
2084
2123
2085
2124
2086
2125
2087
2126
2088
2127
2089
2128
2090
2129
2091
2130
2092
2131
2093
2132
2094
2133
2095
2134
2096
2135
2097
2136
2098
2137
2099
2138
2100
2139
2101
2140
2102
2141
2103
2142
2104
2143
2105
2144
2106
2145
2107
2146
2108
2147
2109
2148
2110
2149
2111
2150
2112
2151
2113
2152
2114
2153
2115
2154
2116
2155
2117
2156
2118
2157
2119
2158
2159
2121
2160
3363
2122
2161
2123
2162
2124
2163
2125
2164
2126
2165
2127
2166
2128
2167
2129
2168
2130
2169
2131
2170
2132
2171
2133
2172
2134
2173
2135
2174
2136
2175
2137
2176
2138
2177
2139
2178
2140
2179
2141
2180
2142
2181
2143
2182
2144
2183
2145
2184
2146
2185
2147
2186
2148
2187
2149
2188
2150
2189
2151
2190
2152
2191
2153
2192
2154
2193
2155
2194
2156
2195
2157
2196
2158
2197
2159
2198
2199
2161
2200
3381
2162
2201
2163
2202
2164
2203
2165
2204
2166
2205
2167
2206
2168
2207
2169
2208
2170
2209
2171
2210
2172
2211
2173
2212
2174
2213
2175
2214
2176
2215
2177
2216
2178
2217
2179
2218
2180
2219
2181
2220
2182
2221
2183
2222
2184
2223
2185
2224
2186
2225
2187
2226
2188
2227
2189
2228
2190
2229
2191
2230
2192
2231
2193
2232
2194
2233
2195
2234
2196
2235
2197
2236
2198
2237
2199
2238
2239
2201
2240
3399
2202
2241
2203
2242
2204
2243
2205
2244
2206
2245
2207
2246
2208
2247
2209
2248
2210
2249
2211
2250
2212
2251
2213
2252
2214
2253
2215
2254
2216
2255
2217
2256
2218
2257
2219
2258
2220
2259
2221
2260
2222
2261
2223
2262
2224
2263
2225
2264
2226
2265
2227
2266
2228
2267
2229
2268
2230
2269
2231
2270
2232
2271
2233
2272
2234
2273
2235
2274
2236
2275
2237
2276
2238
2277
2239
2278
2279
2241
2280
3417
2242
2281
2243
2282
2244
2283
2245
2284
2246
2285
2247
2286
2248
2287
2249
2288
2250
2289
2251
2290
2252
2291
2253
2292
2254
2293
2255
2294
2256
2295
2257
2296
2258
2297
2259
2298
2260
2299
2261
2300
2262
2301
2263
2302
2264
2303
2265
2304
2266
2305
2267
2306
2268
2307
2269
2308
2270
2309
2271
2310
2272
2311
2273
2312
2274
2313
2275
2314
2276
2315
2277
2316
2278
2317
2279
2318
2319
2281
2320
3435
2282
2321
2283
2322
2284
2323
2285
2324
2286
2325
2287
2326
2288
2327
2289
2328
2290
2329
2291
2330
2292
2331
2293
2332
2294
2333
2295
2334
2296
2335
2297
2336
2298
2337
2299
2338
2300
2339
2301
2340
2302
2341
2303
2342
2304
2343
2305
2344
2306
2345
2307
2346
2308
2347
2309
2348
2310
2349
2311
2350
2312
2351
2313
2352
2314
2353
2315
2354
2316
2355
2317
2356
2318
2357
2319
2358
2359
2321
2360
3453
2322
2361
2323
2362
2324
2363
2325
2364
2326
2365
2327
2366
2328
2367
2329
2368
2330
2369
2331
2370
2332
2371
2333
2372
2334
2373
2335
2374
2336
2375
2337
2376
2338
2377
2339
2378
2340
2379
2341
2380
2342
2381
2343
2382
2344
2383
2345
2384
2346
2385
2347
2386
2348
2387
2349
2388
2350
2389
2351
2390
2352
2391
2353
2392
2354
2393
2355
2394
2356
2395
2357
2396
2358
2397
2359
2398
2399
2361
2400
3471
2362
2401
2363
2402
2364
2403
2365
2404
2366
2405
2367
2406
2368
2407
2369
2408
2370
2409
2371
2410
2372
2411
2373
2412
2374
2413
2375
2414
2376
2415
2377
2416
2378
2417
2379
2418
2380
2419
2381
2420
2382
2421
2383
2422
2384
2423
2385
2424
2386
2425
2387
2426
2388
2427
2389
2428
2390
2429
2391
2430
2392
2431
2393
2432
2394
2433
2395
2434
2396
2435
2397
2436
2398
2437
2399
2438
2439
2401
2440
3489
2402
2441
2403
2442
2404
2443
2405
2444
2406
2445
2407
2446
2408
2447
2409
2448
2410
2449
2411
2450
2412
2451
2413
2452
2414
2453
2415
2454
2416
2455
2417
2456
2418
2457
2419
2458
2420
2459
2421
2460
2422
2461
2423
2462
2424
2463
2425
2464
2426
2465
2427
2466
2428
2467
2429
2468
2430
2469
2431
2470
2432
2471
2433
2472
2434
2473
2435
2474
2436
2475
2437
2476
2438
2477
2439
2478
2479
2441
2480
3507
2442
2481
2443
2482
2444
2483
2445
2484
2446
2485
2447
2486
2448
2487
2449
2488
2450
2489
2451
2490
2452
2491
2453
2492
2454
2493
2455
2494
2456
2495
2457
2496
2458
2497
2459
2498
2460
2499
2461
2500
2462
2501
2463
2502
2464
2503
2465
2504
2466
2505
2467
2506
2468
2507
2469
2508
2470
2509
2471
2510
2472
2511
2473
2512
2474
2513
2475
2514
2476
2515
2477
2516
2478
2517
2479
2518
2519
2481
2520
3525
2482
2521
2483
2522
2484
2523
2485
2524
2486
2525
2487
2526
2488
2527
2489
2528
2490
2529
2491
2530
2492
2531
2493
2532
2494
2533
2495
2534
2496
2535
2497
2536
2498
2537
2499
2538
2500
2539
2501
2540
2502
2541
2503
2542
2504
2543
2505
2544
2506
2545
2507
2546
2508
2547
2509
2548
2510
2549
2511
2550
2512
2551
2513
2552
2514
2553
2515
2554
2516
2555
2517
2556
2518
2557
2519
2558
2559
2521
2560
3543
2522
2561
2523
2562
2524
2563
2525
2564
2526
2565
2527
2566
2528
2567
2529
2568
2530
2569
2531
2570
2532
2571
2533
2572
2534
2573
2535
2574
2536
2575
2537
2576
2538
2577
2539
2578
2540
2579
2541
2580
2542
2581
2543
2582
2544
2583
2545
2584
2546
2585
2547
2586
2548
2587
2549
2588
2550
2589
2551
2590
2552
2591
2553
2592
2554
2593
2555
2594
2556
2595
2557
2596
2558
2597
2559
2598
2599
2561
2600
3561
2562
2601
2563
2602
2564
2603
2565
2604
2566
2605
2567
2606
2568
2607
2569
2608
2570
2609
2571
2610
2572
2611
2573
2612
2574
2613
2575
2614
2576
2615
2577
2616
2578
2617
2579
2618
2580
2619
2581
2620
2582
2621
2583
2622
2584
2623
2585
2624
2586
2625
2587
2626
2588
2627
2589
2628
2590
2629
2591
2630
2592
2631
2593
2632
2594
2633
2595
2634
2596
2635
2597
2636
2598
2637
2599
2638
2639
2601
2640
3579
2602
2641
2603
2642
2604
2643
2605
2644
2606
2645
2607
2646
2608
2647
2609
2648
2610
2649
2611
2650
2612
2651
2613
2652
2614
2653
2615
2654
2616
2655
2617
2656
2618
2657
2619
2658
2620
2659
2621
2660
2622
2661
2623
2662
2624
2663
2625
2664
2626
2665
2627
2666
2628
2667
2629
2668
2630
2669
2631
2670
2632
2671
2633
2672
2634
2673
2635
2674
2636
2675
2637
2676
2638
2677
2639
2678
2679
2641
2680
3597
2642
2681
2643
2682
2644
2683
2645
2684
2646
2685
2647
2686
2648
2687
2649
2688
2650
2689
2651
2690
2652
2691
2653
2692
2654
2693
2655
2694
2656
2695
2657
2696
2658
2697
2659
2698
2660
2699
2661
2700
2662
2701
2663
2702
2664
2703
2665
2704
2666
2705
2667
2706
2668
2707
2669
2708
2670
2709
2671
2710
2672
2711
2673
2712
2674
2713
2675
2714
2676
2715
2677
2716
2678
2717
2679
2718
2719
2681
2720
3615
2682
2721
2683
2722
2684
2723
2685
2724
2686
2725
2687
2726
2688
2727
2689
2728
2690
2729
2691
2730
2692
2731
2693
2732
2694
2733
2695
2734
2696
2735
2697
2736
2698
2737
2699
2738
2700
2739
2701
2740
2702
2741
2703
2742
2704
2743
2705
2744
2706
2745
2707
2746
2708
2747
2709
2748
2710
2749
2711
2750
2712
2751
2713
2752
2714
2753
2715
2754
2716
2755
2717
2756
2718
2757
2719
2758
2759
2721
2760
3633
2722
2761
2723
2762
2724
2763
2725
2764
2726
2765
2727
2766
2728
2767
2729
2768
2730
2769
2731
2770
2732
2771
2733
2772
2734
2773
2735
2774
2736
2775
2737
2776
2738
2777
2739
2778
2740
2779
2741
2780
2742
2781
2743
2782
2744
2783
2745
2784
2746
2785
2747
2786
2748
2787
2749
2788
2750
2789
2751
2790
2752
2791
2753
2792
2754
2793
2755
2794
2756
2795
2757
2796
2758
2797
2759
2798
2799
2761
2800
3651
2762
2801
2763
2802
2764
2803
2765
2804
2766
2805
2767
2806
2768
2807
2769
2808
2770
2809
2771
2810
2772
2811
2773
2812
2774
2813
2775
2814
2776
2815
2777
2816
2778
2817
2779
2818
2780
2819
2781
2820
2782
2821
2783
2822
2784
2823
2785
2824
2786
2825
2787
2826
2788
2827
2789
2828
2790
2829
2791
2830
2792
2831
2793
2832
2794
2833
2795
2834
2796
2835
2797
2836
2798
2837
2799
2838
2839
2801
2840
3669
2802
2841
2803
2842
2804
2843
2805
2844
2806
2845
2807
2846
2808
2847
2809
2848
2810
2849
2811
2850
2812
2851
2813
2852
2814
2853
2815
2854
2816
2855
2817
2856
2818
2857
2819
2858
2820
2859
2821
2860
2822
2861
2823
2862
2824
2863
2825
2864
2826
2865
2827
2866
2828
2867
2829
2868
2830
2869
2831
2870
2832
2871
2833
2872
2834
2873
2835
2874
2836
2875
2837
2876
2838
2877
2839
2878
2879
2841
2880
3687
2842
2881
2843
2882
2844
2883
2845
2884
2846
2885
2847
2886
2848
2887
2849
2888
2850
2889
2851
2890
2852
2891
2853
2892
2854
2893
2855
2894
2856
2895
2857
2896
2858
2897
2859
2898
2860
2899
2861
2900
2862
2901
2863
2902
2864
2903
2865
2904
2866
2905
2867
2906
2868
2907
2869
2908
2870
2909
2871
2910
2872
2911
2873
2912
2874
2913
2875
2914
2876
2915
2877
2916
2878
2917
2879
2918
2919
2881
2920
3705
2882
2921
2883
2922
2884
2923
2885
2924
2886
2925
2887
2926
2888
2927
2889
2928
2890
2929
2891
2930
2892
2931
2893
2932
2894
2933
2895
2934
2896
2935
2897
2936
2898
2937
2899
2938
2900
2939
2901
2940
2902
2941
2903
2942
2904
2943
2905
2944
2906
2945
2907
2946
2908
2947
2909
2948
2910
2949
2911
2950
2912
2951
2913
2952
2914
2953
2915
2954
2916
2955
2917
2956
2918
2957
2919
2958
2959
2921
2960
3723
2922
2961
2923
2962
2924
2963
2925
2964
2926
2965
2927
2966
2928
2967
2929
2968
2930
2969
2931
2970
2932
2971
2933
2972
2934
2973
2935
2974
2936
2975
2937
2976
2938
2977
2939
2978
2940
2979
2941
2980
2942
2981
2943
2982
2944
2983
2945
2984
2946
2985
2947
2986
2948
2987
2949
2988
2950
2989
2951
2990
2952
2991
2953
2992
2954
2993
2955
2994
2956
2995
2957
2996
2958
2997
2959
2998
2999
2961
3000
3741
2962
3001
2963
3002
2964
3003
2965
3004
2966
3005
2967
3006
2968
3007
2969
3008
2970
3009
2971
3010
2972
3011
2973
3012
2974
3013
2975
3014
2976
3015
2977
3016
2978
3017
2979
3018
2980
3019
2981
3020
2982
3021
2983
3022
2984
3023
2985
3024
2986
3025
2987
3026
2988
3027
2989
3028
2990
3029
2991
3030
2992
3031
2993
3032
2994
3033
2995
3034
2996
3035
2997
3036
2998
3037
2999
3038
3039
3001
3759
3760
3002
3761
3003
3762
3004
3763
3005
3764
3006
3765
3007
3766
3008
3767
3009
3768
3010
3769
3011
3770
3012
3771
3013
3772
3014
3773
3015
3774
3016
3775
3017
3776
3018
3777
3019
3778
3020
3779
3021
3780
3022
3781
3023
3782
3024
3783
3025
3784
3026
3785
3027
3786
3028
3787
3029
3788
3030
3789
3031
3790
3032
3791
3033
3792
3034
3793
3035
3794
3036
3795
3037
3796
3038
3797
3039
3798
3799
3041
3058
3042
3059
3043
3060
3044
3061
3045
3062
3046
3063
3047
3064
3048
3065
3049
3066
3050
3067
3051
3068
3052
3069
3053
3070
3054
3071
3055
3072
3056
3073
3057
3074
3075
3059
3076
3060
3077
3061
3078
3062
3079
3063
3080
3064
3081
3065
3082
3066
3083
3067
3084
3068
3085
3069
3086
3070
3087
3071
3088
3072
3089
3073
3090
3074
3091
3075
3092
3093
3077
3094
3078
3095
3079
3096
3080
3097
3081
3098
3082
3099
3083
3100
3084
3101
3085
3102
3086
3103
3087
3104
3088
3105
3089
3106
3090
3107
3091
3108
3092
3109
3093
3110
3111
3095
3112
3096
3113
3097
3114
3098
3115
3099
3116
3100
3117
3101
3118
3102
3119
3103
3120
3104
3121
3105
3122
3106
3123
3107
3124
3108
3125
3109
3126
3110
3127
3111
3128
3129
3113
3130
3114
3131
3115
3132
3116
3133
3117
3134
3118
3135
3119
3136
3120
3137
3121
3138
3122
3139
3123
3140
3124
3141
3125
3142
3126
3143
3127
3144
3128
3145
3129
3146
3147
3131
3148
3132
3149
3133
3150
3134
3151
3135
3152
3136
3153
3137
3154
3138
3155
3139
3156
3140
3157
3141
3158
3142
3159
3143
3160
3144
3161
3145
3162
3146
3163
3147
3164
3165
3149
3166
3150
3167
3151
3168
3152
3169
3153
3170
3154
3171
3155
3172
3156
3173
3157
3174
3158
3175
3159
3176
3160
3177
3161
3178
3162
3179
3163
3180
3164
3181
3165
3182
3183
3167
3184
3168
3185
3169
3186
3170
3187
3171
3188
3172
3189
3173
3190
3174
3191
3175
3192
3176
3193
3177
3194
3178
3195
3179
3196
3180
3197
3181
3198
3182
3199
3183
3200
3201
3185
3202
3186
3203
3187
3204
3188
3205
3189
3206
3190
3207
3191
3208
3192
3209
3193
3210
3194
3211
3195
3212
3196
3213
3197
3214
3198
3215
3199
3216
3200
3217
3201
3218
3219
3203
3220
3204
3221
3205
3222
3206
3223
3207
3224
3208
3225
3209
3226
3210
3227
3211
3228
3212
3229
3213
3230
3214
3231
3215
3232
3216
3233
3217
3234
3218
3235
3219
3236
3237
3221
3238
3222
3239
3223
3240
3224
3241
3225
3242
3226
3243
3227
3244
3228
3245
3229
3246
3230
3247
3231
3248
3232
3249
3233
3250
3234
3251
3235
3252
3236
3253
3237
3254
3255
3239
3256
3240
3257
3241
3258
3242
3259
3243
3260
3244
3261
3245
3262
3246
3263
3247
3264
3248
3265
3249
3266
3250
3267
3251
3268
3252
3269
3253
3270
3254
3271
3255
3272
3273
3257
3274
3258
3275
3259
3276
3260
3277
3261
3278
3262
3279
3263
3280
3264
3281
3265
3282
3266
3283
3267
3284
3268
3285
3269
3286
3270
3287
3271
3288
3272
3289
3273
3290
3291
3275
3292
3276
3293
3277
3294
3278
3295
3279
3296
3280
3297
3281
3298
3282
3299
3283
3300
3284
3301
3285
3302
3286
3303
3287
3304
3288
3305
3289
3306
3290
3307
3291
3308
3309
3293
3310
3294
3311
3295
3312
3296
3313
3297
3314
3298
3315
3299
3316
3300
3317
3301
3318
3302
3319
3303
3320
3304
3321
3305
3322
3306
3323
3307
3324
3308
3325
3309
3326
3327
3311
3328
3312
3329
3313
3330
3314
3331
3315
3332
3316
3333
3317
3334
3318
3335
3319
3336
3320
3337
3321
3338
3322
3339
3323
3340
3324
3341
3325
3342
3326
3343
3327
3344
3345
3329
3346
3330
3347
3331
3348
3332
3349
3333
3350
3334
3351
3335
3352
3336
3353
3337
3354
3338
3355
3339
3356
3340
3357
3341
3358
3342
3359
3343
3360
3344
3361
3345
3362
3363
3347
3364
3348
3365
3349
3366
3350
3367
3351
3368
3352
3369
3353
3370
3354
3371
3355
3372
3356
3373
3357
3374
3358
3375
3359
3376
3360
3377
3361
3378
3362
3379
3363
3380
3381
3365
3382
3366
3383
3367
3384
3368
3385
3369
3386
3370
3387
3371
3388
3372
3389
3373
3390
3374
3391
3375
3392
3376
3393
3377
3394
3378
3395
3379
3396
3380
3397
3381
3398
3399
3383
3400
3384
3401
3385
3402
3386
3403
3387
3404
3388
3405
3389
3406
3390
3407
3391
3408
3392
3409
3393
3410
3394
3411
3395
3412
3396
3413
3397
3414
3398
3415
3399
3416
3417
3401
3418
3402
3419
3403
3420
3404
3421
3405
3422
3406
3423
3407
3424
3408
3425
3409
3426
3410
3427
3411
3428
3412
3429
3413
3430
3414
3431
3415
3432
3416
3433
3417
3434
3435
3419
3436
3420
3437
3421
3438
3422
3439
3423
3440
3424
3441
3425
3442
3426
3443
3427
3444
3428
3445
3429
3446
3430
3447
3431
3448
3432
3449
3433
3450
3434
3451
3435
3452
3453
3437
3454
3438
3455
3439
3456
3440
3457
3441
3458
3442
3459
3443
3460
3444
3461
3445
3462
3446
3463
3447
3464
3448
3465
3449
3466
3450
3467
3451
3468
3452
3469
3453
3470
3471
3455
3472
3456
3473
3457
3474
3458
3475
3459
3476
3460
3477
3461
3478
3462
3479
3463
3480
3464
3481
3465
3482
3466
3483
3467
3484
3468
3485
3469
3486
3470
3487
3471
3488
3489
3473
3490
3474
3491
3475
3492
3476
3493
3477
3494
3478
3495
3479
3496
3480
3497
3481
3498
3482
3499
3483
3500
3484
3501
3485
3502
3486
3503
3487
3504
3488
3505
3489
3506
3507
3491
3508
3492
3509
3493
3510
3494
3511
3495
3512
3496
3513
3497
3514
3498
3515
3499
3516
3500
3517
3501
3518
3502
3519
3503
3520
3504
3521
3505
3522
3506
3523
3507
3524
3525
3509
3526
3510
3527
3511
3528
3512
3529
3513
3530
3514
3531
3515
3532
3516
3533
3517
3534
3518
3535
3519
3536
3520
3537
3521
3538
3522
3539
3523
3540
3524
3541
3525
3542
3543
3527
3544
3528
3545
3529
3546
3530
3547
3531
3548
3532
3549
3533
3550
3534
3551
3535
3552
3536
3553
3537
3554
3538
3555
3539
3556
3540
3557
3541
3558
3542
3559
3543
3560
3561
3545
3562
3546
3563
3547
3564
3548
3565
3549
3566
3550
3567
3551
3568
3552
3569
3553
3570
3554
3571
3555
3572
3556
3573
3557
3574
3558
3575
3559
3576
3560
3577
3561
3578
3579
3563
3580
3564
3581
3565
3582
3566
3583
3567
3584
3568
3585
3569
3586
3570
3587
3571
3588
3572
3589
3573
3590
3574
3591
3575
3592
3576
3593
3577
3594
3578
3595
3579
3596
3597
3581
3598
3582
3599
3583
3600
3584
3601
3585
3602
3586
3603
3587
3604
3588
3605
3589
3606
3590
3607
3591
3608
3592
3609
3593
3610
3594
3611
3595
3612
3596
3613
3597
3614
3615
3599
3616
3600
3617
3601
3618
3602
3619
3603
3620
3604
3621
3605
3622
3606
3623
3607
3624
3608
3625
3609
3626
3610
3627
3611
3628
3612
3629
3613
3630
3614
3631
3615
3632
3633
3617
3634
3618
3635
3619
3636
3620
3637
3621
3638
3622
3639
3623
3640
3624
3641
3625
3642
3626
3643
3627
3644
3628
3645
3629
3646
3630
3647
3631
3648
3632
3649
3633
3650
3651
3635
3652
3636
3653
3637
3654
3638
3655
3639
3656
3640
3657
3641
3658
3642
3659
3643
3660
3644
3661
3645
3662
3646
3663
3647
3664
3648
3665
3649
3666
3650
3667
3651
3668
3669
3653
3670
3654
3671
3655
3672
3656
3673
3657
3674
3658
3675
3659
3676
3660
3677
3661
3678
3662
3679
3663
3680
3664
3681
3665
3682
3666
3683
3667
3684
3668
3685
3669
3686
3687
3671
3688
3672
3689
3673
3690
3674
3691
3675
3692
3676
3693
3677
3694
3678
3695
3679
3696
3680
3697
3681
3698
3682
3699
3683
3700
3684
3701
3685
3702
3686
3703
3687
3704
3705
3689
3706
3690
3707
3691
3708
3692
3709
3693
3710
3694
3711
3695
3712
3696
3713
3697
3714
3698
3715
3699
3716
3700
3717
3701
3718
3702
3719
3703
3720
3704
3721
3705
3722
3723
3707
3724
3708
3725
3709
3726
3710
3727
3711
3728
3712
3729
3713
3730
3714
3731
3715
3732
3716
3733
3717
3734
3718
3735
3719
3736
3720
3737
3721
3738
3722
3739
3723
3740
3741
3725
3742
3726
3743
3727
3744
3728
3745
3729
3746
3730
3747
3731
3748
3732
3749
3733
3750
3734
3751
3735
3752
3736
3753
3737
3754
3738
3755
3739
3756
3740
3757
3741
3758
3759
3743
3744
3745
3746
3747
3748
3749
3750
3751
3752
3753
3754
3755
3756
3757
3758
3759
3761
3800
3762
3801
3763
3802
3764
3803
3765
3804
3766
3805
3767
3806
3768
3807
3769
3808
3770
3809
3771
3810
3772
3811
3773
3812
3774
3813
3775
3814
3776
3815
3777
3816
3778
3817
3779
3818
3780
3819
3781
3820
3782
3821
3783
3822
3784
3823
3785
3824
3786
3825
3787
3826
3788
3827
3789
3828
3790
3829
3791
3830
3792
3831
3793
3832
3794
3833
3795
3834
3796
3835
3797
3836
3798
3837
3799
3838
3839
3801
3840
3802
3841
3803
3842
3804
3843
3805
3844
3806
3845
3807
3846
3808
3847
3809
3848
3810
3849
3811
3850
3812
3851
3813
3852
3814
3853
3815
3854
3816
3855
3817
3856
3818
3857
3819
3858
3820
3859
3821
3860
3822
3861
3823
3862
3824
3863
3825
3864
3826
3865
3827
3866
3828
3867
3829
3868
3830
3869
3831
3870
3832
3871
3833
3872
3834
3873
3835
3874
3836
3875
3837
3876
3838
3877
3839
3878
3879
3841
3880
3842
3881
3843
3882
3844
3883
3845
3884
3846
3885
3847
3886
3848
3887
3849
3888
3850
3889
3851
3890
3852
3891
3853
3892
3854
3893
3855
3894
3856
3895
3857
3896
3858
3897
3859
3898
3860
3899
3861
3900
3862
3901
3863
3902
3864
3903
3865
3904
3866
3905
3867
3906
3868
3907
3869
3908
3870
3909
3871
3910
3872
3911
3873
3912
3874
3913
3875
3914
3876
3915
3877
3916
3878
3917
3879
3918
3919
3881
3920
3882
3921
3883
3922
3884
3923
3885
3924
3886
3925
3887
3926
3888
3927
3889
3928
3890
3929
3891
3930
3892
3931
3893
3932
3894
3933
3895
3934
3896
3935
3897
3936
3898
3937
3899
3938
3900
3939
3901
3940
3902
3941
3903
3942
3904
3943
3905
3944
3906
3945
3907
3946
3908
3947
3909
3948
3910
3949
3911
3950
3912
3951
3913
3952
3914
3953
3915
3954
3916
3955
3917
3956
3918
3957
3919
3958
3959
3921
3960
3922
3961
3923
3962
3924
3963
3925
3964
3926
3965
3927
3966
3928
3967
3929
3968
3930
3969
3931
3970
3932
3971
3933
3972
3934
3973
3935
3974
3936
3975
3937
3976
3938
3977
3939
3978
3940
3979
3941
3980
3942
3981
3943
3982
3944
3983
3945
3984
3946
3985
3947
3986
3948
3987
3949
3988
3950
3989
3951
3990
3952
3991
3953
3992
3954
3993
3955
3994
3956
3995
3957
3996
3958
3997
3959
3998
3999
3961
4000
3962
4001
3963
4002
3964
4003
3965
4004
3966
4005
3967
4006
3968
4007
3969
4008
3970
4009
3971
4010
3972
4011
3973
4012
3974
4013
3975
4014
3976
4015
3977
4016
3978
4017
3979
4018
3980
4019
3981
4020
3982
4021
3983
4022
3984
4023
3985
4024
3986
4025
3987
4026
3988
4027
3989
4028
3990
4029
3991
4030
3992
4031
3993
4032
3994
4033
3995
4034
3996
4035
3997
4036
3998
4037
3999
4038
4039
4001
4040
4002
4041
4003
4042
4004
4043
4005
4044
4006
4045
4007
4046
4008
4047
4009
4048
4010
4049
4011
4050
4012
4051
4013
4052
4014
4053
4015
4054
4016
4055
4017
4056
4018
4057
4019
4058
4020
4059
4021
4060
4022
4061
4023
4062
4024
4063
4025
4064
4026
4065
4027
4066
4028
4067
4029
4068
4030
4069
4031
4070
4032
4071
4033
4072
4034
4073
4035
4074
4036
4075
4037
4076
4038
4077
4039
4078
4079
4041
4080
4042
4081
4043
4082
4044
4083
4045
4084
4046
4085
4047
4086
4048
4087
4049
4088
4050
4089
4051
4090
4052
4091
4053
4092
4054
4093
4055
4094
4056
4095
4057
4096
4058
4097
4059
4098
4060
4099
4061
4100
4062
4101
4063
4102
4064
4103
4065
4104
4066
4105
4067
4106
4068
4107
4069
4108
4070
4109
4071
4110
4072
4111
4073
4112
4074
4113
4075
4114
4076
4115
4077
4116
4078
4117
4079
4118
4119
4081
4120
4082
4121
4083
4122
4084
4123
4085
4124
4086
4125
4087
4126
4088
4127
4089
4128
4090
4129
4091
4130
4092
4131
4093
4132
4094
4133
4095
4134
4096
4135
4097
4136
4098
4137
4099
4138
4100
4139
4101
4140
4102
4141
4103
4142
4104
4143
4105
4144
4106
4145
4107
4146
4108
4147
4109
4148
4110
4149
4111
4150
4112
4151
4113
4152
4114
4153
4115
4154
4116
4155
4117
4156
4118
4157
4119
4158
4159
4121
4160
4122
4161
4123
4162
4124
4163
4125
4164
4126
4165
4127
4166
4128
4167
4129
4168
4130
4169
4131
4170
4132
4171
4133
4172
4134
4173
4135
4174
4136
4175
4137
4176
4138
4177
4139
4178
4140
4179
4141
4180
4142
4181
4143
4182
4144
4183
4145
4184
4146
4185
4147
4186
4148
4187
4149
4188
4150
4189
4151
4190
4152
4191
4153
4192
4154
4193
4155
4194
4156
4195
4157
4196
4158
4197
4159
4198
4199
4161
4200
4162
4201
4163
4202
4164
4203
4165
4204
4166
4205
4167
4206
4168
4207
4169
4208
4170
4209
4171
4210
4172
4211
4173
4212
4174
4213
4175
4214
4176
4215
4177
4216
4178
4217
4179
4218
4180
4219
4181
4220
4182
4221
4183
4222
4184
4223
4185
4224
4186
4225
4187
4226
4188
4227
4189
4228
4190
4229
4191
4230
4192
4231
4193
4232
4194
4233
4195
4234
4196
4235
4197
4236
4198
4237
4199
4238
4239
4201
4240
4202
4241
4203
4242
4204
4243
4205
4244
4206
4245
4207
4246
4208
4247
4209
4248
4210
4249
4211
4250
4212
4251
4213
4252
4214
4253
4215
4254
4216
4255
4217
4256
4218
4257
4219
4258
4220
4259
4221
4260
4222
4261
4223
4262
4224
4263
4225
4264
4226
4265
4227
4266
4228
4267
4229
4268
4230
4269
4231
4270
4232
4271
4233
4272
4234
4273
4235
4274
4236
4275
4237
4276
4238
4277
4239
4278
4279
4241
4280
4242
4281
4243
4282
4244
4283
4245
4284
4246
4285
4247
4286
4248
4287
4249
4288
4250
4289
4251
4290
4252
4291
4253
4292
4254
4293
4255
4294
4256
4295
4257
4296
4258
4297
4259
4298
4260
4299
4261
4300
4262
4301
4263
4302
4264
4303
4265
4304
4266
4305
4267
4306
4268
4307
4269
4308
4270
4309
4271
4310
4272
4311
4273
4312
4274
4313
4275
4314
4276
4315
4277
4316
4278
4317
4279
4318
4319
4281
4320
4282
4321
4283
4322
4284
4323
4285
4324
4286
4325
4287
4326
4288
4327
4289
4328
4290
4329
4291
4330
4292
4331
4293
4332
4294
4333
4295
4334
4296
4335
4297
4336
4298
4337
4299
4338
4300
4339
4301
4340
4302
4341
4303
4342
4304
4343
4305
4344
4306
4345
4307
4346
4308
4347
4309
4348
4310
4349
4311
4350
4312
4351
4313
4352
4314
4353
4315
4354
4316
4355
4317
4356
4318
4357
4319
4358
4359
4321
4360
4322
4361
4323
4362
4324
4363
4325
4364
4326
4365
4327
4366
4328
4367
4329
4368
4330
4369
4331
4370
4332
4371
4333
4372
4334
4373
4335
4374
4336
4375
4337
4376
4338
4377
4339
4378
4340
4379
4341
4380
4342
4381
4343
4382
4344
4383
4345
4384
4346
4385
4347
4386
4348
4387
4349
4388
4350
4389
4351
4390
4352
4391
4353
4392
4354
4393
4355
4394
4356
4395
4357
4396
4358
4397
4359
4398
4399
4361
4400
4362
4401
4363
4402
4364
4403
4365
4404
4366
4405
4367
4406
4368
4407
4369
4408
4370
4409
4371
4410
4372
4411
4373
4412
4374
4413
4375
4414
4376
4415
4377
4416
4378
4417
4379
4418
4380
4419
4381
4420
4382
4421
4383
4422
4384
4423
4385
4424
4386
4425
4387
4426
4388
4427
4389
4428
4390
4429
4391
4430
4392
4431
4393
4432
4394
4433
4395
4434
4396
4435
4397
4436
4398
4437
4399
4438
4439
4401
4440
4402
4441
4403
4442
4404
4443
4405
4444
4406
4445
4407
4446
4408
4447
4409
4448
4410
4449
4411
4450
4412
4451
4413
4452
4414
4453
4415
4454
4416
4455
4417
4456
4418
4457
4419
4458
4420
4459
4421
4460
4422
4461
4423
4462
4424
4463
4425
4464
4426
4465
4427
4466
4428
4467
4429
4468
4430
4469
4431
4470
4432
4471
4433
4472
4434
4473
4435
4474
4436
4475
4437
4476
4438
4477
4439
4478
4479
4441
4442
4443
4444
4445
4446
4447
4448
4449
4450
4451
4452
4453
4454
4455
4456
4457
4458
4459
4460
4461
4462
4463
4464
4465
4466
4467
4468
4469
4470
4471
4472
4473
4474
4475
4476
4477
4478
4479
)


// ************************************************************************* //
