/*--------------------------------*- C++ -*----------------------------------*\
| =========                 |                                                 |
| \\      /  F ield         | OpenFOAM: The Open Source CFD Toolbox           |
|  \\    /   O peration     | Version:  2206                                  |
|   \\  /    A nd           | Website:  www.openfoam.com                      |
|    \\/     M anipulation  |                                                 |
\*---------------------------------------------------------------------------*/
FoamFile
{
    version     2.0;
    format      ascii;
    arch        "LSB;label=32;scalar=64";
    note        "nPoints:10882  nCells:5264  nFaces:21233  nInternalFaces:10351";
    class       labelList;
    location    "constant/polyMesh";
    object      neighbour;
}
// * * * * * * * * * * * * * * * * * * * * * * * * * * * * * * * * * * * * * //


10351
(
1
90
2
91
3
92
4
93
5
94
6
95
7
96
8
97
9
98
10
99
11
100
12
101
13
102
14
103
15
104
16
105
17
106
18
107
19
108
20
109
21
110
22
111
23
112
24
113
25
114
26
115
27
116
28
117
29
118
30
119
31
120
32
121
33
122
34
123
35
124
36
125
37
126
38
127
39
128
40
129
41
130
42
131
43
132
44
133
45
134
46
135
47
136
48
137
49
138
50
139
51
140
52
141
53
142
54
143
55
144
56
145
57
146
58
147
59
148
60
149
61
150
62
151
63
152
64
153
65
154
66
155
67
156
68
157
69
158
70
159
71
160
72
161
73
162
74
163
75
164
76
165
77
166
78
167
79
168
80
169
81
170
82
171
83
172
84
173
85
174
86
175
87
176
88
177
89
178
179
91
180
92
181
93
182
94
183
95
184
96
185
97
186
98
187
99
188
100
189
101
190
102
191
103
192
104
193
105
194
106
195
107
196
108
197
109
198
110
199
111
200
112
201
113
202
114
203
115
204
116
205
117
206
118
207
119
208
120
209
121
210
122
211
123
212
124
213
125
214
126
215
127
216
128
217
129
218
130
219
131
220
132
221
133
222
134
223
135
224
136
225
137
226
138
227
139
228
140
229
141
230
142
231
143
232
144
233
145
234
146
235
147
236
148
237
149
238
150
239
151
240
152
241
153
242
154
243
155
244
156
245
157
246
158
247
159
248
160
249
161
250
162
251
163
252
164
253
165
254
166
255
167
256
168
257
169
258
170
259
171
260
172
261
173
262
174
263
175
264
176
265
177
266
178
267
179
268
269
181
270
182
271
183
272
184
273
185
274
186
275
187
276
188
277
189
278
190
279
191
280
192
281
193
282
194
283
195
284
196
285
197
286
198
287
199
288
200
289
201
290
202
291
203
292
204
293
205
294
206
295
207
296
208
297
209
298
210
299
211
300
212
301
213
302
214
303
215
304
216
305
217
306
218
307
219
308
220
309
221
310
222
311
223
312
224
313
225
314
226
315
227
316
228
317
229
318
230
319
231
320
232
321
233
322
234
323
235
324
236
325
237
326
238
327
239
328
240
329
241
330
242
331
243
332
244
333
245
334
246
335
247
336
248
337
249
338
250
339
251
340
252
341
253
342
254
343
255
344
256
345
257
346
258
347
259
348
260
349
261
350
262
351
263
352
264
353
265
354
266
355
267
356
268
357
269
358
359
271
360
272
361
273
362
274
363
275
364
276
365
277
366
278
367
279
368
280
369
281
370
282
371
283
372
284
373
285
374
286
375
287
376
288
377
289
378
290
379
291
380
292
381
293
382
294
383
295
384
296
385
297
386
298
387
299
388
300
389
301
390
302
391
303
392
304
393
305
394
306
395
307
396
308
397
309
398
310
399
311
400
312
401
313
402
314
403
315
404
316
405
317
406
318
407
319
408
320
409
321
410
322
411
323
412
324
413
325
414
326
415
327
416
328
417
329
418
330
419
331
420
332
421
333
422
334
423
335
424
336
425
337
426
338
427
339
428
340
429
341
430
342
431
343
432
344
433
345
434
346
435
347
436
348
437
349
438
350
439
351
440
352
441
353
442
354
443
355
444
356
445
357
446
358
447
359
448
449
361
450
362
451
363
452
364
453
365
454
366
455
367
456
368
457
369
458
370
459
371
460
372
461
373
462
374
463
375
464
376
465
377
466
378
467
379
468
380
469
381
470
382
471
383
472
384
473
385
474
386
475
387
476
388
477
389
478
390
479
391
480
392
481
393
482
394
483
395
484
396
485
397
486
398
487
399
488
400
489
401
490
402
491
403
492
404
493
405
494
406
495
407
496
408
497
409
498
410
499
411
500
412
501
413
502
414
503
415
504
416
505
417
506
418
507
419
508
420
509
421
510
422
511
423
512
424
513
425
514
426
515
427
516
428
517
429
518
430
519
431
520
432
521
433
522
434
523
435
524
436
525
437
526
438
527
439
528
440
529
441
530
442
531
443
532
444
533
445
534
446
535
447
536
448
537
449
538
539
451
540
452
541
453
542
454
543
455
544
456
545
457
546
458
547
459
548
460
549
461
550
462
551
463
552
464
553
465
554
466
555
467
556
468
557
469
558
470
559
471
560
472
561
473
562
474
563
475
564
476
565
477
566
478
567
479
568
480
569
481
570
482
571
483
572
484
573
485
574
486
575
487
576
488
577
489
578
490
579
491
580
492
581
493
582
494
583
495
584
496
585
497
586
498
587
499
588
500
589
501
590
502
591
503
592
504
593
505
594
506
595
507
596
508
597
509
598
510
599
511
600
512
601
513
602
514
603
515
604
516
605
517
606
518
607
519
608
520
609
521
610
522
611
523
612
524
613
525
614
526
615
527
616
528
617
529
618
530
619
531
620
532
621
533
622
534
623
535
624
536
625
537
626
538
627
539
628
629
541
630
542
631
543
632
544
633
545
634
546
635
547
636
548
637
549
638
550
639
551
640
552
641
553
642
554
643
555
644
556
645
557
646
558
647
559
648
560
649
561
650
562
651
563
652
564
653
565
654
566
655
567
656
568
657
569
658
570
659
571
660
572
661
573
662
574
663
575
664
576
665
577
666
578
667
579
668
580
669
581
670
582
671
583
672
584
673
585
674
586
675
587
676
588
677
589
678
590
679
591
680
592
681
593
682
594
683
595
684
596
685
597
686
598
687
599
688
600
689
601
690
602
691
603
692
604
693
605
694
606
695
607
696
608
697
609
698
610
699
611
700
612
701
613
702
614
703
615
704
616
705
617
706
618
707
619
708
620
709
621
710
622
711
623
712
624
713
625
714
626
715
627
716
628
717
629
718
719
631
720
632
721
633
722
634
723
635
724
636
725
637
726
638
727
639
728
640
729
641
730
642
731
643
732
644
733
645
734
646
735
647
736
648
737
649
738
650
739
651
740
652
741
653
742
654
743
655
744
656
745
657
746
658
747
659
748
660
749
661
750
662
751
663
752
664
753
665
754
666
755
667
756
668
757
669
758
670
759
671
760
672
761
673
762
674
763
675
764
676
765
677
766
678
767
679
768
680
769
681
770
682
771
683
772
684
773
685
774
686
775
687
776
688
777
689
778
690
779
691
780
692
781
693
782
694
783
695
784
696
785
697
786
698
787
699
788
700
789
701
790
702
791
703
792
704
793
705
794
706
795
707
796
708
797
709
798
710
799
711
800
712
801
713
802
714
803
715
804
716
805
717
806
718
807
719
808
809
721
810
722
811
723
812
724
813
725
814
726
815
727
816
728
817
729
818
730
819
731
820
732
821
733
822
734
823
735
824
736
825
737
826
738
827
739
828
740
829
741
830
742
831
743
832
744
833
745
834
746
835
747
836
748
837
749
838
750
839
751
840
752
841
753
842
754
843
755
844
756
845
757
846
758
847
759
848
760
849
761
850
762
851
763
852
764
853
765
854
766
855
767
856
768
857
769
858
770
859
771
860
772
861
773
862
774
863
775
864
776
865
777
866
778
867
779
868
780
869
781
870
782
871
783
872
784
873
785
874
786
875
787
876
788
877
789
878
790
879
791
880
792
881
793
882
794
883
795
884
796
885
797
886
798
887
799
888
800
889
801
890
802
891
803
892
804
893
805
894
806
895
807
896
808
897
809
898
899
811
900
812
901
813
902
814
903
815
904
816
905
817
906
818
907
819
908
820
909
821
910
822
911
823
912
824
913
825
914
826
915
827
916
828
917
829
918
830
919
831
920
832
921
833
922
834
923
835
924
836
925
837
926
838
927
839
928
840
929
841
930
842
931
843
932
844
933
845
934
846
935
847
936
848
937
849
938
850
939
851
940
852
941
853
942
854
943
855
944
856
945
857
946
858
947
859
948
860
949
861
950
862
951
863
952
864
953
865
954
866
955
867
956
868
957
869
958
870
959
871
960
872
961
873
962
874
963
875
964
876
965
877
966
878
967
879
968
880
969
881
970
882
971
883
972
884
973
885
974
886
975
887
976
888
977
889
978
890
979
891
980
892
981
893
982
894
983
895
984
896
985
897
986
898
987
899
988
989
901
990
902
991
903
992
904
993
905
994
906
995
907
996
908
997
909
998
910
999
911
1000
912
1001
913
1002
914
1003
915
1004
916
1005
917
1006
918
1007
919
1008
920
1009
921
1010
922
1011
923
1012
924
1013
925
1014
926
1015
927
1016
928
1017
929
1018
930
1019
931
1020
932
1021
933
1022
934
1023
935
1024
936
1025
937
1026
938
1027
939
1028
940
1029
941
1030
942
1031
943
1032
944
1033
945
1034
946
1035
947
1036
948
1037
949
1038
950
1039
951
1040
952
1041
953
1042
954
1043
955
1044
956
1045
957
1046
958
1047
959
1048
960
1049
961
1050
962
1051
963
1052
964
1053
965
1054
966
1055
967
1056
968
1057
969
1058
970
1059
971
1060
972
1061
973
1062
974
1063
975
1064
976
1065
977
1066
978
1067
979
1068
980
1069
981
1070
982
1071
983
1072
984
1073
985
1074
986
1075
987
1076
988
1077
989
1078
1079
991
1080
992
1081
993
1082
994
1083
995
1084
996
1085
997
1086
998
1087
999
1088
1000
1089
1001
1090
1002
1091
1003
1092
1004
1093
1005
1094
1006
1095
1007
1096
1008
1097
1009
1098
1010
1099
1011
1100
1012
1101
1013
1102
1014
1103
1015
1104
1016
1105
1017
1106
1018
1107
1019
1108
1020
1109
1021
1110
1022
1111
1023
1112
1024
1113
1025
1114
1026
1115
1027
1116
1028
1117
1029
1118
1030
1119
1031
1120
1032
1121
1033
1122
1034
1123
1035
1124
1036
1125
1037
1126
1038
1127
1039
1128
1040
1129
1041
1130
1042
1131
1043
1132
1044
1133
1045
1134
1046
1135
1047
1136
1048
1137
1049
1138
1050
1139
1051
1140
1052
1141
1053
1142
1054
1143
1055
1144
1056
1145
1057
1146
1058
1147
1059
1148
1060
1149
1061
1150
1062
1151
1063
1152
1064
1153
1065
1154
1066
1155
1067
1156
1068
1157
1069
1158
1070
1159
1071
1160
1072
1161
1073
1162
1074
1163
1075
1164
1076
1165
1077
1166
1078
1167
1079
1168
1169
1081
1170
1082
1171
1083
1172
1084
1173
1085
1174
1086
1175
1087
1176
1088
1177
1089
1178
1090
1179
1091
1180
1092
1181
1093
1182
1094
1183
1095
1184
1096
1185
1097
1186
1098
1187
1099
1188
1100
1189
1101
1190
1102
1191
1103
1192
1104
1193
1105
1194
1106
1195
1107
1196
1108
1197
1109
1198
1110
1199
1111
1200
1112
1201
1113
1202
1114
1203
1115
1204
1116
1205
1117
1206
1118
1207
1119
1208
1120
1209
1121
1210
1122
1211
1123
1212
1124
1213
1125
1214
1126
1215
1127
1216
1128
1217
1129
1218
1130
1219
1131
1220
1132
1221
1133
1222
1134
1223
1135
1224
1136
1225
1137
1226
1138
1227
1139
1228
1140
1229
1141
1230
1142
1231
1143
1232
1144
1233
1145
1234
1146
1235
1147
1236
1148
1237
1149
1238
1150
1239
1151
1240
1152
1241
1153
1242
1154
1243
1155
1244
1156
1245
1157
1246
1158
1247
1159
1248
1160
1249
1161
1250
1162
1251
1163
1252
1164
1253
1165
1254
1166
1255
1167
1256
1168
1257
1169
1258
1259
1171
1260
1172
1261
1173
1262
1174
1263
1175
1264
1176
1265
1177
1266
1178
1267
1179
1268
1180
1269
1181
1270
1182
1271
1183
1272
1184
1273
1185
1274
1186
1275
1187
1276
1188
1277
1189
1278
1190
1279
1191
1280
1192
1281
1193
1282
1194
1283
1195
1284
1196
1285
1197
1286
1198
1287
1199
1288
1200
1289
1201
1290
1202
1291
1203
1292
1204
1293
1205
1294
1206
1295
1207
1296
1208
1297
1209
1298
1210
1299
1211
1300
1212
1301
1213
1302
1214
1303
1215
1304
1216
1305
1217
1306
1218
1307
1219
1308
1220
1309
1221
1310
1222
1311
1223
1312
1224
1313
1225
1314
1226
1315
1227
1316
1228
1317
1229
1318
1230
1319
1231
1320
1232
1321
1233
1322
1234
1323
1235
1324
1236
1325
1237
1326
1238
1327
1239
1328
1240
1329
1241
1330
1242
1331
1243
1332
1244
1333
1245
1334
1246
1335
1247
1336
1248
1337
1249
1338
1250
1339
1251
1340
1252
1341
1253
1342
1254
1343
1255
1344
1256
1345
1257
1346
1258
1347
1259
1348
1349
1261
1350
1262
1351
1263
1352
1264
1353
1265
1354
1266
1355
1267
1356
1268
1357
1269
1358
1270
1359
1271
1360
1272
1361
1273
1362
1274
1363
1275
1364
1276
1365
1277
1366
1278
1367
1279
1368
1280
1369
1281
1370
1282
1371
1283
1372
1284
1373
1285
1374
1286
1375
1287
1376
1288
1377
1289
1378
1290
1379
1291
1380
1292
1381
1293
1382
1294
1383
1295
1384
1296
1385
1297
1386
1298
1387
1299
1388
1300
1389
1301
1390
1302
1391
1303
1392
1304
1393
1305
1394
1306
1395
1307
1396
1308
1397
1309
1398
1310
1399
1311
1400
1312
1401
1313
1402
1314
1403
1315
1404
1316
1405
1317
1406
1318
1407
1319
1408
1320
1409
1321
1410
1322
1411
1323
1412
1324
1413
1325
1414
1326
1415
1327
1416
1328
1417
1329
1418
1330
1419
1331
1420
1332
1421
1333
1422
1334
1423
1335
1424
1336
1425
1337
1426
1338
1427
1339
1428
1340
1429
1341
1430
1342
1431
1343
1432
1344
1433
1345
1434
1346
1435
1347
1436
1348
1437
1349
1438
1439
1351
1440
1352
1441
1353
1442
1354
1443
1355
1444
1356
1445
1357
1446
1358
1447
1359
1448
1360
1449
1361
1450
1362
1451
1363
1452
1364
1453
1365
1454
1366
1455
1367
1456
1368
1457
1369
1458
1370
1459
1371
1460
1372
1461
1373
1462
1374
1463
1375
1464
1376
1465
1377
1466
1378
1467
1379
1468
1380
1469
1381
1470
1382
1471
1383
1472
1384
1473
1385
1474
1386
1475
1387
1476
1388
1477
1389
1478
1390
1479
1391
1480
1392
1481
1393
1482
1394
1483
1395
1484
1396
1485
1397
1486
1398
1487
1399
1488
1400
1489
1401
1490
1402
1491
1403
1492
1404
1493
1405
1494
1406
1495
1407
1496
1408
1497
1409
1498
1410
1499
1411
1500
1412
1501
1413
1502
1414
1503
1415
1504
1416
1505
1417
1506
1418
1507
1419
1508
1420
1509
1421
1510
1422
1511
1423
1512
1424
1513
1425
1514
1426
1515
1427
1516
1428
1517
1429
1518
1430
1519
1431
1520
1432
1521
1433
1522
1434
1523
1435
1524
1436
1525
1437
1526
1438
1527
1439
1528
1529
1441
1530
1442
1531
1443
1532
1444
1533
1445
1534
1446
1535
1447
1536
1448
1537
1449
1538
1450
1539
1451
1540
1452
1541
1453
1542
1454
1543
1455
1544
1456
1545
1457
1546
1458
1547
1459
1548
1460
1549
1461
1550
1462
1551
1463
1552
1464
1553
1465
1554
1466
1555
1467
1556
1468
1557
1469
1558
1470
1559
1471
1560
1472
1561
1473
1562
1474
1563
1475
1564
1476
1565
1477
1566
1478
1567
1479
1568
1480
1569
1481
1570
1482
1571
1483
1572
1484
1573
1485
1574
1486
1575
1487
1576
1488
1577
1489
1578
1490
1579
1491
1580
1492
1581
1493
1582
1494
1583
1495
1584
1496
1585
1497
1586
1498
1587
1499
1588
1500
1589
1501
1590
1502
1591
1503
1592
1504
1593
1505
1594
1506
1595
1507
1596
1508
1597
1509
1598
1510
1599
1511
1600
1512
1601
1513
1602
1514
1603
1515
1604
1516
1605
1517
1606
1518
1607
1519
1608
1520
1609
1521
1610
1522
1611
1523
1612
1524
1613
1525
1614
1526
1615
1527
1616
1528
1617
1529
1618
1619
1531
1620
1532
1621
1533
1622
1534
1623
1535
1624
1536
1625
1537
1626
1538
1627
1539
1628
1540
1629
1541
1630
1542
1631
1543
1632
1544
1633
1545
1634
1546
1635
1547
1636
1548
1637
1549
1638
1550
1639
1551
1640
1552
1641
1553
1642
1554
1643
1555
1644
1556
1645
1557
1646
1558
1647
1559
1648
1560
1649
1561
1650
1562
1651
1563
1652
1564
1653
1565
1654
1566
1655
1567
1656
1568
1657
1569
1658
1570
1659
1571
1660
1572
1661
1573
1662
1574
1663
1575
1664
1576
1665
1577
1666
1578
1667
1579
1668
1580
1669
1581
1670
1582
1671
1583
1672
1584
1673
1585
1674
1586
1675
1587
1676
1588
1677
1589
1678
1590
1679
1591
1680
1592
1681
1593
1682
1594
1683
1595
1684
1596
1685
1597
1686
1598
1687
1599
1688
1600
1689
1601
1690
1602
1691
1603
1692
1604
1693
1605
1694
1606
1695
1607
1696
1608
1697
1609
1698
1610
1699
1611
1700
1612
1701
1613
1702
1614
1703
1615
1704
1616
1705
1617
1706
1618
1707
1619
1708
1709
1621
1710
1622
1711
1623
1712
1624
1713
1625
1714
1626
1715
1627
1716
1628
1717
1629
1718
1630
1719
1631
1720
1632
1721
1633
1722
1634
1723
1635
1724
1636
1725
1637
1726
1638
1727
1639
1728
1640
1729
1641
1730
1642
1731
1643
1732
1644
1733
1645
1734
1646
1735
1647
1736
1648
1737
1649
1738
1650
1739
1651
1740
1652
1741
1653
1742
1654
1743
1655
1744
1656
1745
1657
1746
1658
1747
1659
1748
1660
1749
1661
1750
1662
1751
1663
1752
1664
1753
1665
1754
1666
1755
1667
1756
1668
1757
1669
1758
1670
1759
1671
1760
1672
1761
1673
1762
1674
1763
1675
1764
1676
1765
1677
1766
1678
1767
1679
1768
1680
1769
1681
1770
1682
1771
1683
1772
1684
1773
1685
1774
1686
1775
1687
1776
1688
1777
1689
1778
1690
1779
1691
1780
1692
1781
1693
1782
1694
1783
1695
1784
1696
1785
1697
1786
1698
1787
1699
1788
1700
1789
1701
1790
1702
1791
1703
1792
1704
1793
1705
1794
1706
1795
1707
1796
1708
1797
1709
1798
1799
1711
1800
1712
1801
1713
1802
1714
1803
1715
1804
1716
1805
1717
1806
1718
1807
1719
1808
1720
1809
1721
1810
1722
1811
1723
1812
1724
1813
1725
1814
1726
1815
1727
1816
1728
1817
1729
1818
1730
1819
1731
1820
1732
1821
1733
1822
1734
1823
1735
1824
1736
1825
1737
1826
1738
1827
1739
1828
1740
1829
1741
1830
1742
1831
1743
1832
1744
1833
1745
1834
1746
1835
1747
1836
1748
1837
1749
1838
1750
1839
1751
1840
1752
1841
1753
1842
1754
1843
1755
1844
1756
1845
1757
1846
1758
1847
1759
1848
1760
1849
1761
1850
1762
1851
1763
1852
1764
1853
1765
1854
1766
1855
1767
1856
1768
1857
1769
1858
1770
1859
1771
1860
1772
1861
1773
1862
1774
1863
1775
1864
1776
1865
1777
1866
1778
1867
1779
1868
1780
1869
1781
1870
1782
1871
1783
1872
1784
1873
1785
1874
1786
1875
1787
1876
1788
1877
1789
1878
1790
1879
1791
1880
1792
1881
1793
1882
1794
1883
1795
1884
1796
1885
1797
1886
1798
1887
1799
1888
1889
1801
1890
1802
1891
1803
1892
1804
1893
1805
1894
1806
1895
1807
1896
1808
1897
1809
1898
1810
1899
1811
1900
1812
1901
1813
1902
1814
1903
1815
1904
1816
1905
1817
1906
1818
1907
1819
1908
1820
1909
1821
1910
1822
1911
1823
1912
1824
1913
1825
1914
1826
1915
1827
1916
1828
1917
1829
1918
1830
1919
1831
1920
1832
1921
1833
1922
1834
1923
1835
1924
1836
1925
1837
1926
1838
1927
1839
1928
1840
1929
1841
1930
1842
1931
1843
1932
1844
1933
1845
1934
1846
1935
1847
1936
1848
1937
1849
1938
1850
1939
1851
1940
1852
1941
1853
1942
1854
1943
1855
1944
1856
1945
1857
1946
1858
1947
1859
1948
1860
1949
1861
1950
1862
1951
1863
1952
1864
1953
1865
1954
1866
1955
1867
1956
1868
1957
1869
1958
1870
1959
1871
1960
1872
1961
1873
1962
1874
1963
1875
1964
1876
1965
1877
1966
1878
1967
1879
1968
1880
1969
1881
1970
1882
1971
1883
1972
1884
1973
1885
1974
1886
1975
1887
1976
1888
1977
1889
1978
1979
1891
1980
1892
1981
1893
1982
1894
1983
1895
1984
1896
1985
1897
1986
1898
1987
1899
1988
1900
1989
1901
1990
1902
1991
1903
1992
1904
1993
1905
1994
1906
1995
1907
1996
1908
1997
1909
1998
1910
1999
1911
2000
1912
2001
1913
2002
1914
2003
1915
2004
1916
2005
1917
2006
1918
2007
1919
2008
1920
2009
1921
2010
1922
2011
1923
2012
1924
2013
1925
2014
1926
2015
1927
2016
1928
2017
1929
2018
1930
2019
1931
2020
1932
2021
1933
2022
1934
2023
1935
2024
1936
2025
1937
2026
1938
2027
1939
2028
1940
2029
1941
2030
1942
2031
1943
2032
1944
2033
1945
2034
1946
2035
1947
2036
1948
2037
1949
2038
1950
2039
1951
2040
1952
2041
1953
2042
1954
2043
1955
2044
1956
2045
1957
2046
1958
2047
1959
2048
1960
2049
1961
2050
1962
2051
1963
2052
1964
2053
1965
2054
1966
2055
1967
2056
1968
2057
1969
2058
1970
2059
1971
2060
1972
2061
1973
2062
1974
2063
1975
2064
1976
2065
1977
2066
1978
2067
1979
2068
2069
1981
2070
1982
2071
1983
2072
1984
2073
1985
2074
1986
2075
1987
2076
1988
2077
1989
2078
1990
2079
1991
2080
1992
2081
1993
1994
1996
1997
1998
1999
2082
2000
2083
2001
2084
2002
2085
2003
2086
2004
2087
2005
2088
2006
2089
2007
2090
2008
2091
2009
2092
2010
2093
2011
2094
2012
2095
2013
2096
2014
2097
2015
2098
2016
2099
2017
2100
2018
2101
2019
2102
2020
2103
2021
2104
2022
2105
2023
2106
2024
2107
2025
2108
2026
2109
2027
2110
2028
2111
2029
2112
2030
2113
2031
2114
2032
2115
2033
2116
2034
2117
2035
2118
2036
2119
2037
2120
2038
2121
2039
2122
2040
2123
2041
2124
2042
2125
2043
2126
2044
2127
2045
2128
2046
2129
2047
2130
2048
2131
2049
2132
2050
2133
2051
2134
2052
2135
2053
2136
2054
2137
2055
2138
2056
2139
2057
2140
2058
2141
2059
2142
2060
2143
2061
2144
2062
2145
2063
2146
2064
2147
2065
2148
2066
2149
2067
2150
2068
2151
2069
2152
2153
2071
2154
2072
2155
2073
2156
2074
2157
2075
2158
2076
2159
2077
2160
2078
2161
2079
2162
2080
2163
2081
2164
2083
2084
2165
2085
2166
2086
2167
2087
2168
2088
2169
2089
2170
2090
2171
2091
2172
2092
2173
2093
2174
2094
2175
2095
2176
2096
2177
2097
2178
2098
2179
2099
2180
2100
2181
2101
2182
2102
2183
2103
2184
2104
2185
2105
2186
2106
2187
2107
2188
2108
2189
2109
2190
2110
2191
2111
2192
2112
2193
2113
2194
2114
2195
2115
2196
2116
2197
2117
2198
2118
2199
2119
2200
2120
2201
2121
2202
2122
2203
2123
2204
2124
2205
2125
2206
2126
2207
2127
2208
2128
2209
2129
2210
2130
2211
2131
2212
2132
2213
2133
2214
2134
2215
2135
2216
2136
2217
2137
2218
2138
2219
2139
2220
2140
2221
2141
2222
2142
2223
2143
2224
2144
2225
2145
2226
2146
2227
2147
2228
2148
2229
2149
2230
2150
2231
2151
2232
2152
2233
2153
2234
2235
2155
2236
2156
2237
2157
2238
2158
2239
2159
2240
2160
2241
2161
2242
2162
2243
2163
2244
2164
2245
2166
2167
2246
2168
2247
2169
2248
2170
2249
2171
2250
2172
2251
2173
2252
2174
2253
2175
2254
2176
2255
2177
2256
2178
2257
2179
2258
2180
2259
2181
2260
2182
2261
2183
2262
2184
2263
2185
2264
2186
2265
2187
2266
2188
2267
2189
2268
2190
2269
2191
2270
2192
2271
2193
2272
2194
2273
2195
2274
2196
2275
2197
2276
2198
2277
2199
2278
2200
2279
2201
2280
2202
2281
2203
2282
2204
2283
2205
2284
2206
2285
2207
2286
2208
2287
2209
2288
2210
2289
2211
2290
2212
2291
2213
2292
2214
2293
2215
2294
2216
2295
2217
2296
2218
2297
2219
2298
2220
2299
2221
2300
2222
2301
2223
2302
2224
2303
2225
2304
2226
2305
2227
2306
2228
2307
2229
2308
2230
2309
2231
2310
2232
2311
2233
2312
2234
2313
2235
2314
2315
2237
2316
2238
2317
2239
2318
2240
2319
2241
2320
2242
2321
2243
2322
2244
2323
2245
2324
2325
2247
2326
2248
2327
2249
2328
2250
2329
2251
2330
2252
2331
2253
2332
2254
2333
2255
2334
2256
2335
2257
2336
2258
2337
2259
2338
2260
2339
2261
2340
2262
2341
2263
2342
2264
2343
2265
2344
2266
2345
2267
2346
2268
2347
2269
2348
2270
2349
2271
2350
2272
2351
2273
2352
2274
2353
2275
2354
2276
2355
2277
2356
2278
2357
2279
2358
2280
2359
2281
2360
2282
2361
2283
2362
2284
2363
2285
2364
2286
2365
2287
2366
2288
2367
2289
2368
2290
2369
2291
2370
2292
2371
2293
2372
2294
2373
2295
2374
2296
2375
2297
2376
2298
2377
2299
2378
2300
2379
2301
2380
2302
2381
2303
2382
2304
2383
2305
2384
2306
2385
2307
2386
2308
2387
2309
2388
2310
2389
2311
2390
2312
2391
2313
2392
2314
2393
2315
2394
2395
2317
2396
2318
2397
2319
2398
2320
2399
2321
2400
2322
2401
2323
2402
2324
2403
2325
2404
2405
2327
2406
2328
2407
2329
2408
2330
2409
2331
2410
2332
2411
2333
2412
2334
2413
2335
2414
2336
2415
2337
2416
2338
2417
2339
2418
2340
2419
2341
2420
2342
2421
2343
2422
2344
2423
2345
2424
2346
2425
2347
2426
2348
2427
2349
2428
2350
2429
2351
2430
2352
2431
2353
2432
2354
2433
2355
2434
2356
2435
2357
2436
2358
2437
2359
2438
2360
2439
2361
2440
2362
2441
2363
2442
2364
2443
2365
2444
2366
2445
2367
2446
2368
2447
2369
2448
2370
2449
2371
2450
2372
2451
2373
2452
2374
2453
2375
2454
2376
2455
2377
2456
2378
2457
2379
2458
2380
2459
2381
2460
2382
2461
2383
2462
2384
2463
2385
2464
2386
2465
2387
2466
2388
2467
2389
2468
2390
2469
2391
2470
2392
2471
2393
2472
2394
2473
2395
2474
2475
2397
2476
2398
2477
2399
2478
2400
2479
2401
2480
2402
2481
2403
2482
2404
2483
2405
2484
2407
2408
2485
2409
2486
2410
2487
2411
2488
2412
2489
2413
2490
2414
2491
2415
2492
2416
2493
2417
2494
2418
2495
2419
2496
2420
2497
2421
2498
2422
2499
2423
2500
2424
2501
2425
2502
2426
2503
2427
2504
2428
2505
2429
2506
2430
2507
2431
2508
2432
2509
2433
2510
2434
2511
2435
2512
2436
2513
2437
2514
2438
2515
2439
2516
2440
2517
2441
2518
2442
2519
2443
2520
2444
2521
2445
2522
2446
2523
2447
2524
2448
2525
2449
2526
2450
2527
2451
2528
2452
2529
2453
2530
2454
2531
2455
2532
2456
2533
2457
2534
2458
2535
2459
2536
2460
2537
2461
2538
2462
2539
2463
2540
2464
2541
2465
2542
2466
2543
2467
2544
2468
2545
2469
2546
2470
2547
2471
2548
2472
2549
2473
2550
2474
2551
2475
2552
2553
2477
2554
2478
2555
2479
2556
2480
2557
2481
2558
2482
2559
2483
2560
2484
2561
2562
2486
2563
2487
2564
2488
2565
2489
2566
2490
2567
2491
2568
2492
2569
2493
2570
2494
2571
2495
2572
2496
2573
2497
2574
2498
2575
2499
2576
2500
2577
2501
2578
2502
2579
2503
2580
2504
2581
2505
2582
2506
2583
2507
2584
2508
2585
2509
2586
2510
2587
2511
2588
2512
2589
2513
2590
2514
2591
2515
2592
2516
2593
2517
2594
2518
2595
2519
2596
2520
2597
2521
2598
2522
2599
2523
2600
2524
2601
2525
2602
2526
2603
2527
2604
2528
2605
2529
2606
2530
2607
2531
2608
2532
2609
2533
2610
2534
2611
2535
2612
2536
2613
2537
2614
2538
2615
2539
2616
2540
2617
2541
2618
2542
2619
2543
2620
2544
2621
2545
2622
2546
2623
2547
2624
2548
2625
2549
2626
2550
2627
2551
2628
2552
2629
2553
2630
2631
2555
2632
2556
2633
2557
2634
2558
2635
2559
2636
2560
2637
2561
2638
2562
2639
2640
2564
2641
2565
2642
2566
2643
2567
2644
2568
2645
2569
2646
2570
2647
2571
2648
2572
2649
2573
2650
2574
2651
2575
2652
2576
2653
2577
2654
2578
2655
2579
2656
2580
2657
2581
2658
2582
2659
2583
2660
2584
2661
2585
2662
2586
2663
2587
2664
2588
2665
2589
2666
2590
2667
2591
2668
2592
2669
2593
2670
2594
2671
2595
2672
2596
2673
2597
2674
2598
2675
2599
2676
2600
2677
2601
2678
2602
2679
2603
2680
2604
2681
2605
2682
2606
2683
2607
2684
2608
2685
2609
2686
2610
2687
2611
2688
2612
2689
2613
2690
2614
2691
2615
2692
2616
2693
2617
2694
2618
2695
2619
2696
2620
2697
2621
2698
2622
2699
2623
2700
2624
2701
2625
2702
2626
2703
2627
2704
2628
2705
2629
2706
2630
2707
2631
2708
2709
2633
2710
2634
2711
2635
2712
2636
2713
2637
2714
2638
2715
2639
2716
2640
2717
2718
2642
2719
2643
2720
2644
2721
2645
2722
2646
2723
2647
2724
2648
2725
2649
2726
2650
2727
2651
2728
2652
2729
2653
2730
2654
2731
2655
2732
2656
2733
2657
2734
2658
2735
2659
2736
2660
2737
2661
2738
2662
2739
2663
2740
2664
2741
2665
2742
2666
2743
2667
2744
2668
2745
2669
2746
2670
2747
2671
2748
2672
2749
2673
2750
2674
2751
2675
2752
2676
2753
2677
2754
2678
2755
2679
2756
2680
2757
2681
2758
2682
2759
2683
2760
2684
2761
2685
2762
2686
2763
2687
2764
2688
2765
2689
2766
2690
2767
2691
2768
2692
2769
2693
2770
2694
2771
2695
2772
2696
2773
2697
2774
2698
2775
2699
2776
2700
2777
2701
2778
2702
2779
2703
2780
2704
2781
2705
2782
2706
2783
2707
2784
2708
2785
2709
2786
2787
2711
2788
2712
2789
2713
2790
2714
2791
2715
2792
2716
2793
2717
2794
2718
2795
2796
2720
2799
2721
2800
2722
2801
2723
2802
2724
2803
2725
2804
2726
2805
2727
2806
2728
2807
2729
2808
2730
2809
2731
2810
2732
2811
2733
2812
2734
2813
2735
2814
2736
2815
2737
2816
2738
2817
2739
2818
2740
2819
2741
2820
2742
2821
2743
2822
2744
2823
2745
2824
2746
2825
2747
2826
2748
2827
2749
2828
2750
2829
2751
2830
2752
2831
2753
2832
2754
2833
2755
2834
2756
2835
2757
2836
2758
2837
2759
2838
2760
2839
2761
2840
2762
2841
2763
2842
2764
2843
2765
2844
2766
2845
2767
2846
2768
2847
2769
2848
2770
2849
2771
2850
2772
2851
2773
2852
2774
2853
2775
2854
2776
2855
2777
2856
2778
2857
2779
2858
2780
2859
2781
2860
2782
2861
2783
2862
2784
2863
2785
2864
2786
2865
2787
2866
2867
2789
2868
2790
2869
2791
2870
2792
2871
2793
2872
2794
2873
2795
2874
2796
2875
2797
2876
2877
2799
2878
2800
2879
2801
2880
2802
2881
2803
2882
2804
2883
2805
2884
2806
2885
2807
2886
2808
2887
2809
2888
2810
2889
2811
2890
2812
2891
2813
2892
2814
2893
2815
2894
2816
2895
2817
2896
2818
2897
2819
2898
2820
2899
2821
2900
2822
2901
2823
2902
2824
2903
2825
2904
2826
2905
2827
2906
2828
2907
2829
2908
2830
2909
2831
2910
2832
2911
2833
2912
2834
2913
2835
2914
2836
2915
2837
2916
2838
2917
2839
2918
2840
2919
2841
2920
2842
2921
2843
2922
2844
2923
2845
2924
2846
2925
2847
2926
2848
2927
2849
2928
2850
2929
2851
2930
2852
2931
2853
2932
2854
2933
2855
2934
2856
2935
2857
2936
2858
2937
2859
2938
2860
2939
2861
2940
2862
2941
2863
2942
2864
2943
2865
2944
2866
2945
2867
2946
2947
2869
2948
2870
2949
2871
2950
2872
2951
2873
2952
2874
2953
2875
2954
2876
2955
2877
2956
2957
2879
2958
2880
2959
2881
2960
2882
2961
2883
2962
2884
2963
2885
2964
2886
2965
2887
2966
2888
2967
2889
2968
2890
2969
2891
2970
2892
2971
2893
2972
2894
2973
2895
2974
2896
2975
2897
2976
2898
2977
2899
2978
2900
2979
2901
2980
2902
2981
2903
2982
2904
2983
2905
2984
2906
2985
2907
2986
2908
2987
2909
2988
2910
2989
2911
2990
2912
2991
2913
2992
2914
2993
2915
2994
2916
2995
2917
2996
2918
2997
2919
2998
2920
2999
2921
3000
2922
3001
2923
3002
2924
3003
2925
3004
2926
3005
2927
3006
2928
3007
2929
3008
2930
3009
2931
3010
2932
3011
2933
3012
2934
3013
2935
3014
2936
3015
2937
3016
2938
3017
2939
3018
2940
3019
2941
3020
2942
3021
2943
3022
2944
3023
2945
3024
2946
3025
2947
3026
3027
2949
3028
2950
3029
2951
3030
2952
3031
2953
3032
2954
3033
2955
3034
2956
3035
2957
3036
3037
2959
3040
2960
3041
2961
3042
2962
3043
2963
3044
2964
3045
2965
3046
2966
3047
2967
3048
2968
3049
2969
3050
2970
3051
2971
3052
2972
3053
2973
3054
2974
3055
2975
3056
2976
3057
2977
3058
2978
3059
2979
3060
2980
3061
2981
3062
2982
3063
2983
3064
2984
3065
2985
3066
2986
3067
2987
3068
2988
3069
2989
3070
2990
3071
2991
3072
2992
3073
2993
3074
2994
3075
2995
3076
2996
3077
2997
3078
2998
3079
2999
3080
3000
3081
3001
3082
3002
3083
3003
3084
3004
3085
3005
3086
3006
3087
3007
3088
3008
3089
3009
3090
3010
3091
3011
3092
3012
3093
3013
3094
3014
3095
3015
3096
3016
3097
3017
3098
3018
3099
3019
3100
3020
3101
3021
3102
3022
3103
3023
3104
3024
3105
3025
3106
3026
3107
3027
3108
3109
3029
3110
3030
3111
3031
3112
3032
3113
3033
3114
3034
3115
3035
3116
3036
3117
3037
3118
3038
3119
3120
3040
3123
3041
3124
3042
3125
3043
3126
3044
3127
3045
3128
3046
3129
3047
3130
3048
3131
3049
3132
3050
3133
3051
3134
3052
3135
3053
3136
3054
3137
3055
3138
3056
3139
3057
3140
3058
3141
3059
3142
3060
3143
3061
3144
3062
3145
3063
3146
3064
3147
3065
3148
3066
3149
3067
3150
3068
3151
3069
3152
3070
3153
3071
3154
3072
3155
3073
3156
3074
3157
3075
3158
3076
3159
3077
3160
3078
3161
3079
3162
3080
3163
3081
3164
3082
3165
3083
3166
3084
3167
3085
3168
3086
3169
3087
3170
3088
3171
3089
3172
3090
3173
3091
3174
3092
3175
3093
3176
3094
3177
3095
3178
3096
3179
3097
3180
3098
3181
3099
3182
3100
3183
3101
3184
3102
3185
3103
3186
3104
3187
3105
3188
3106
3189
3107
3190
3108
3191
3109
3192
3193
3111
3194
3112
3195
3113
3196
3114
3197
3115
3198
3116
3199
3117
3200
3118
3201
3119
3202
3120
3203
3121
3204
3205
3123
3212
3124
3213
3125
3214
3126
3215
3127
3216
3128
3217
3129
3218
3130
3219
3131
3220
3132
3221
3133
3222
3134
3223
3135
3224
3136
3225
3137
3226
3138
3227
3139
3228
3140
3229
3141
3230
3142
3231
3143
3232
3144
3233
3145
3234
3146
3235
3147
3236
3148
3237
3149
3238
3150
3239
3151
3240
3152
3241
3153
3242
3154
3243
3155
3244
3156
3245
3157
3246
3158
3247
3159
3248
3160
3249
3161
3250
3162
3251
3163
3252
3164
3253
3165
3254
3166
3255
3167
3256
3168
3257
3169
3258
3170
3259
3171
3260
3172
3261
3173
3262
3174
3263
3175
3264
3176
3265
3177
3266
3178
3267
3179
3268
3180
3269
3181
3270
3182
3271
3183
3272
3184
3273
3185
3274
3186
3275
3187
3276
3188
3277
3189
3278
3190
3279
3191
3280
3192
3281
3193
3282
3283
3195
3284
3196
3285
3197
3286
3198
3287
3199
3288
3200
3289
3201
3290
3202
3291
3203
3292
3204
3293
3205
3294
3206
3295
3207
3296
3208
3297
3209
3298
3210
3299
3211
3300
3212
3301
3213
3302
3214
3303
3215
3304
3216
3305
3217
3306
3218
3307
3219
3308
3220
3309
3221
3310
3222
3311
3223
3312
3224
3313
3225
3314
3226
3315
3227
3316
3228
3317
3229
3318
3230
3319
3231
3320
3232
3321
3233
3322
3234
3323
3235
3324
3236
3325
3237
3326
3238
3327
3239
3328
3240
3329
3241
3330
3242
3331
3243
3332
3244
3333
3245
3334
3246
3335
3247
3336
3248
3337
3249
3338
3250
3339
3251
3340
3252
3341
3253
3342
3254
3343
3255
3344
3256
3345
3257
3346
3258
3347
3259
3348
3260
3349
3261
3350
3262
3351
3263
3352
3264
3353
3265
3354
3266
3355
3267
3356
3268
3357
3269
3358
3270
3359
3271
3360
3272
3361
3273
3362
3274
3363
3275
3364
3276
3365
3277
3366
3278
3367
3279
3368
3280
3369
3281
3370
3282
3371
3283
3372
3373
3285
3374
3286
3375
3287
3376
3288
3377
3289
3378
3290
3379
3291
3380
3292
3381
3293
3382
3294
3383
3295
3384
3296
3385
3297
3386
3298
3387
3299
3388
3300
3389
3301
3390
3302
3391
3303
3392
3304
3393
3305
3394
3306
3395
3307
3396
3308
3397
3309
3398
3310
3399
3311
3400
3312
3401
3313
3402
3314
3403
3315
3404
3316
3405
3317
3406
3318
3407
3319
3408
3320
3409
3321
3410
3322
3411
3323
3412
3324
3413
3325
3414
3326
3415
3327
3416
3328
3417
3329
3418
3330
3419
3331
3420
3332
3421
3333
3422
3334
3423
3335
3424
3336
3425
3337
3426
3338
3427
3339
3428
3340
3429
3341
3430
3342
3431
3343
3432
3344
3433
3345
3434
3346
3435
3347
3436
3348
3437
3349
3438
3350
3439
3351
3440
3352
3441
3353
3442
3354
3443
3355
3444
3356
3445
3357
3446
3358
3447
3359
3448
3360
3449
3361
3450
3362
3451
3363
3452
3364
3453
3365
3454
3366
3455
3367
3456
3368
3457
3369
3458
3370
3459
3371
3460
3372
3461
3373
3462
3463
3375
3464
3376
3465
3377
3466
3378
3467
3379
3468
3380
3469
3381
3470
3382
3471
3383
3472
3384
3473
3385
3474
3386
3475
3387
3476
3388
3477
3389
3478
3390
3479
3391
3480
3392
3481
3393
3482
3394
3483
3395
3484
3396
3485
3397
3486
3398
3487
3399
3488
3400
3489
3401
3490
3402
3491
3403
3492
3404
3493
3405
3494
3406
3495
3407
3496
3408
3497
3409
3498
3410
3499
3411
3500
3412
3501
3413
3502
3414
3503
3415
3504
3416
3505
3417
3506
3418
3507
3419
3508
3420
3509
3421
3510
3422
3511
3423
3512
3424
3513
3425
3514
3426
3515
3427
3516
3428
3517
3429
3518
3430
3519
3431
3520
3432
3521
3433
3522
3434
3523
3435
3524
3436
3525
3437
3526
3438
3527
3439
3528
3440
3529
3441
3530
3442
3531
3443
3532
3444
3533
3445
3534
3446
3535
3447
3536
3448
3537
3449
3538
3450
3539
3451
3540
3452
3541
3453
3542
3454
3543
3455
3544
3456
3545
3457
3546
3458
3547
3459
3548
3460
3549
3461
3550
3462
3551
3463
3552
3553
3465
3554
3466
3555
3467
3556
3468
3557
3469
3558
3470
3559
3471
3560
3472
3561
3473
3562
3474
3563
3475
3564
3476
3565
3477
3566
3478
3567
3479
3568
3480
3569
3481
3570
3482
3571
3483
3572
3484
3573
3485
3574
3486
3575
3487
3576
3488
3577
3489
3578
3490
3579
3491
3580
3492
3581
3493
3582
3494
3583
3495
3584
3496
3585
3497
3586
3498
3587
3499
3588
3500
3589
3501
3590
3502
3591
3503
3592
3504
3593
3505
3594
3506
3595
3507
3596
3508
3597
3509
3598
3510
3599
3511
3600
3512
3601
3513
3602
3514
3603
3515
3604
3516
3605
3517
3606
3518
3607
3519
3608
3520
3609
3521
3610
3522
3611
3523
3612
3524
3613
3525
3614
3526
3615
3527
3616
3528
3617
3529
3618
3530
3619
3531
3620
3532
3621
3533
3622
3534
3623
3535
3624
3536
3625
3537
3626
3538
3627
3539
3628
3540
3629
3541
3630
3542
3631
3543
3632
3544
3633
3545
3634
3546
3635
3547
3636
3548
3637
3549
3638
3550
3639
3551
3640
3552
3641
3553
3642
3643
3555
3644
3556
3645
3557
3646
3558
3647
3559
3648
3560
3649
3561
3650
3562
3651
3563
3652
3564
3653
3565
3654
3566
3655
3567
3656
3568
3657
3569
3658
3570
3659
3571
3660
3572
3661
3573
3662
3574
3663
3575
3664
3576
3665
3577
3666
3578
3667
3579
3668
3580
3669
3581
3670
3582
3671
3583
3672
3584
3673
3585
3674
3586
3675
3587
3676
3588
3677
3589
3678
3590
3679
3591
3680
3592
3681
3593
3682
3594
3683
3595
3684
3596
3685
3597
3686
3598
3687
3599
3688
3600
3689
3601
3690
3602
3691
3603
3692
3604
3693
3605
3694
3606
3695
3607
3696
3608
3697
3609
3698
3610
3699
3611
3700
3612
3701
3613
3702
3614
3703
3615
3704
3616
3705
3617
3706
3618
3707
3619
3708
3620
3709
3621
3710
3622
3711
3623
3712
3624
3713
3625
3714
3626
3715
3627
3716
3628
3717
3629
3718
3630
3719
3631
3720
3632
3721
3633
3722
3634
3723
3635
3724
3636
3725
3637
3726
3638
3727
3639
3728
3640
3729
3641
3730
3642
3731
3643
3732
3733
3645
3734
3646
3735
3647
3736
3648
3737
3649
3738
3650
3739
3651
3740
3652
3741
3653
3742
3654
3743
3655
3744
3656
3745
3657
3746
3658
3747
3659
3748
3660
3749
3661
3750
3662
3751
3663
3752
3664
3753
3665
3754
3666
3755
3667
3756
3668
3757
3669
3758
3670
3759
3671
3760
3672
3761
3673
3762
3674
3763
3675
3764
3676
3765
3677
3766
3678
3767
3679
3768
3680
3769
3681
3770
3682
3771
3683
3772
3684
3773
3685
3774
3686
3775
3687
3776
3688
3777
3689
3778
3690
3779
3691
3780
3692
3781
3693
3782
3694
3783
3695
3784
3696
3785
3697
3786
3698
3787
3699
3788
3700
3789
3701
3790
3702
3791
3703
3792
3704
3793
3705
3794
3706
3795
3707
3796
3708
3797
3709
3798
3710
3799
3711
3800
3712
3801
3713
3802
3714
3803
3715
3804
3716
3805
3717
3806
3718
3807
3719
3808
3720
3809
3721
3810
3722
3811
3723
3812
3724
3813
3725
3814
3726
3815
3727
3816
3728
3817
3729
3818
3730
3819
3731
3820
3732
3821
3733
3822
3823
3735
3824
3736
3825
3737
3826
3738
3827
3739
3828
3740
3829
3741
3830
3742
3831
3743
3832
3744
3833
3745
3834
3746
3835
3747
3836
3748
3837
3749
3838
3750
3839
3751
3840
3752
3841
3753
3842
3754
3843
3755
3844
3756
3845
3757
3846
3758
3847
3759
3848
3760
3849
3761
3850
3762
3851
3763
3852
3764
3853
3765
3854
3766
3855
3767
3856
3768
3857
3769
3858
3770
3859
3771
3860
3772
3861
3773
3862
3774
3863
3775
3864
3776
3865
3777
3866
3778
3867
3779
3868
3780
3869
3781
3870
3782
3871
3783
3872
3784
3873
3785
3874
3786
3875
3787
3876
3788
3877
3789
3878
3790
3879
3791
3880
3792
3881
3793
3882
3794
3883
3795
3884
3796
3885
3797
3886
3798
3887
3799
3888
3800
3889
3801
3890
3802
3891
3803
3892
3804
3893
3805
3894
3806
3895
3807
3896
3808
3897
3809
3898
3810
3899
3811
3900
3812
3901
3813
3902
3814
3903
3815
3904
3816
3905
3817
3906
3818
3907
3819
3908
3820
3909
3821
3910
3822
3911
3823
3912
3913
3825
3914
3826
3915
3827
3916
3828
3917
3829
3918
3830
3919
3831
3920
3832
3921
3833
3922
3834
3923
3835
3924
3836
3925
3837
3926
3838
3927
3839
3928
3840
3929
3841
3930
3842
3931
3843
3932
3844
3933
3845
3934
3846
3935
3847
3936
3848
3937
3849
3938
3850
3939
3851
3940
3852
3941
3853
3942
3854
3943
3855
3944
3856
3945
3857
3946
3858
3947
3859
3948
3860
3949
3861
3950
3862
3951
3863
3952
3864
3953
3865
3954
3866
3955
3867
3956
3868
3957
3869
3958
3870
3959
3871
3960
3872
3961
3873
3962
3874
3963
3875
3964
3876
3965
3877
3966
3878
3967
3879
3968
3880
3969
3881
3970
3882
3971
3883
3972
3884
3973
3885
3974
3886
3975
3887
3976
3888
3977
3889
3978
3890
3979
3891
3980
3892
3981
3893
3982
3894
3983
3895
3984
3896
3985
3897
3986
3898
3987
3899
3988
3900
3989
3901
3990
3902
3991
3903
3992
3904
3993
3905
3994
3906
3995
3907
3996
3908
3997
3909
3998
3910
3999
3911
4000
3912
4001
3913
4002
4003
3915
4004
3916
4005
3917
4006
3918
4007
3919
4008
3920
4009
3921
4010
3922
4011
3923
4012
3924
4013
3925
4014
3926
4015
3927
4016
3928
4017
3929
4018
3930
4019
3931
4020
3932
4021
3933
4022
3934
4023
3935
4024
3936
4025
3937
4026
3938
4027
3939
4028
3940
4029
3941
4030
3942
4031
3943
4032
3944
4033
3945
4034
3946
4035
3947
4036
3948
4037
3949
4038
3950
4039
3951
4040
3952
4041
3953
4042
3954
4043
3955
4044
3956
4045
3957
4046
3958
4047
3959
4048
3960
4049
3961
4050
3962
4051
3963
4052
3964
4053
3965
4054
3966
4055
3967
4056
3968
4057
3969
4058
3970
4059
3971
4060
3972
4061
3973
4062
3974
4063
3975
4064
3976
4065
3977
4066
3978
4067
3979
4068
3980
4069
3981
4070
3982
4071
3983
4072
3984
4073
3985
4074
3986
4075
3987
4076
3988
4077
3989
4078
3990
4079
3991
4080
3992
4081
3993
4082
3994
4083
3995
4084
3996
4085
3997
4086
3998
4087
3999
4088
4000
4089
4001
4090
4002
4091
4003
4092
4093
4005
4094
4006
4095
4007
4096
4008
4097
4009
4098
4010
4099
4011
4100
4012
4101
4013
4102
4014
4103
4015
4104
4016
4105
4017
4106
4018
4107
4019
4108
4020
4109
4021
4110
4022
4111
4023
4112
4024
4113
4025
4114
4026
4115
4027
4116
4028
4117
4029
4118
4030
4119
4031
4120
4032
4121
4033
4122
4034
4123
4035
4124
4036
4125
4037
4126
4038
4127
4039
4128
4040
4129
4041
4130
4042
4131
4043
4132
4044
4133
4045
4134
4046
4135
4047
4136
4048
4137
4049
4138
4050
4139
4051
4140
4052
4141
4053
4142
4054
4143
4055
4144
4056
4145
4057
4146
4058
4147
4059
4148
4060
4149
4061
4150
4062
4151
4063
4152
4064
4153
4065
4154
4066
4155
4067
4156
4068
4157
4069
4158
4070
4159
4071
4160
4072
4161
4073
4162
4074
4163
4075
4164
4076
4165
4077
4166
4078
4167
4079
4168
4080
4169
4081
4170
4082
4171
4083
4172
4084
4173
4085
4174
4086
4175
4087
4176
4088
4177
4089
4178
4090
4179
4091
4180
4092
4181
4093
4182
4183
4095
4184
4096
4185
4097
4186
4098
4187
4099
4188
4100
4189
4101
4190
4102
4191
4103
4192
4104
4193
4105
4194
4106
4195
4107
4196
4108
4197
4109
4198
4110
4199
4111
4200
4112
4201
4113
4202
4114
4203
4115
4204
4116
4205
4117
4206
4118
4207
4119
4208
4120
4209
4121
4210
4122
4211
4123
4212
4124
4213
4125
4214
4126
4215
4127
4216
4128
4217
4129
4218
4130
4219
4131
4220
4132
4221
4133
4222
4134
4223
4135
4224
4136
4225
4137
4226
4138
4227
4139
4228
4140
4229
4141
4230
4142
4231
4143
4232
4144
4233
4145
4234
4146
4235
4147
4236
4148
4237
4149
4238
4150
4239
4151
4240
4152
4241
4153
4242
4154
4243
4155
4244
4156
4245
4157
4246
4158
4247
4159
4248
4160
4249
4161
4250
4162
4251
4163
4252
4164
4253
4165
4254
4166
4255
4167
4256
4168
4257
4169
4258
4170
4259
4171
4260
4172
4261
4173
4262
4174
4263
4175
4264
4176
4265
4177
4266
4178
4267
4179
4268
4180
4269
4181
4270
4182
4271
4183
4272
4273
4185
4274
4186
4275
4187
4276
4188
4277
4189
4278
4190
4279
4191
4280
4192
4281
4193
4282
4194
4283
4195
4284
4196
4285
4197
4286
4198
4287
4199
4288
4200
4289
4201
4290
4202
4291
4203
4292
4204
4293
4205
4294
4206
4295
4207
4296
4208
4297
4209
4298
4210
4299
4211
4300
4212
4301
4213
4302
4214
4303
4215
4304
4216
4305
4217
4306
4218
4307
4219
4308
4220
4309
4221
4310
4222
4311
4223
4312
4224
4313
4225
4314
4226
4315
4227
4316
4228
4317
4229
4318
4230
4319
4231
4320
4232
4321
4233
4322
4234
4323
4235
4324
4236
4325
4237
4326
4238
4327
4239
4328
4240
4329
4241
4330
4242
4331
4243
4332
4244
4333
4245
4334
4246
4335
4247
4336
4248
4337
4249
4338
4250
4339
4251
4340
4252
4341
4253
4342
4254
4343
4255
4344
4256
4345
4257
4346
4258
4347
4259
4348
4260
4349
4261
4350
4262
4351
4263
4352
4264
4353
4265
4354
4266
4355
4267
4356
4268
4357
4269
4358
4270
4359
4271
4360
4272
4361
4273
4362
4363
4275
4364
4276
4365
4277
4366
4278
4367
4279
4368
4280
4369
4281
4370
4282
4371
4283
4372
4284
4373
4285
4374
4286
4375
4287
4376
4288
4377
4289
4378
4290
4379
4291
4380
4292
4381
4293
4382
4294
4383
4295
4384
4296
4385
4297
4386
4298
4387
4299
4388
4300
4389
4301
4390
4302
4391
4303
4392
4304
4393
4305
4394
4306
4395
4307
4396
4308
4397
4309
4398
4310
4399
4311
4400
4312
4401
4313
4402
4314
4403
4315
4404
4316
4405
4317
4406
4318
4407
4319
4408
4320
4409
4321
4410
4322
4411
4323
4412
4324
4413
4325
4414
4326
4415
4327
4416
4328
4417
4329
4418
4330
4419
4331
4420
4332
4421
4333
4422
4334
4423
4335
4424
4336
4425
4337
4426
4338
4427
4339
4428
4340
4429
4341
4430
4342
4431
4343
4432
4344
4433
4345
4434
4346
4435
4347
4436
4348
4437
4349
4438
4350
4439
4351
4440
4352
4441
4353
4442
4354
4443
4355
4444
4356
4445
4357
4446
4358
4447
4359
4448
4360
4449
4361
4450
4362
4451
4363
4452
4453
4365
4454
4366
4455
4367
4456
4368
4457
4369
4458
4370
4459
4371
4460
4372
4461
4373
4462
4374
4463
4375
4464
4376
4465
4377
4466
4378
4467
4379
4468
4380
4469
4381
4470
4382
4471
4383
4472
4384
4473
4385
4474
4386
4475
4387
4476
4388
4477
4389
4478
4390
4479
4391
4480
4392
4481
4393
4482
4394
4483
4395
4484
4396
4485
4397
4486
4398
4487
4399
4488
4400
4489
4401
4490
4402
4491
4403
4492
4404
4493
4405
4494
4406
4495
4407
4496
4408
4497
4409
4498
4410
4499
4411
4500
4412
4501
4413
4502
4414
4503
4415
4504
4416
4505
4417
4506
4418
4507
4419
4508
4420
4509
4421
4510
4422
4511
4423
4512
4424
4513
4425
4514
4426
4515
4427
4516
4428
4517
4429
4518
4430
4519
4431
4520
4432
4521
4433
4522
4434
4523
4435
4524
4436
4525
4437
4526
4438
4527
4439
4528
4440
4529
4441
4530
4442
4531
4443
4532
4444
4533
4445
4534
4446
4535
4447
4536
4448
4537
4449
4538
4450
4539
4451
4540
4452
4541
4453
4542
4543
4455
4544
4456
4545
4457
4546
4458
4547
4459
4548
4460
4549
4461
4550
4462
4551
4463
4552
4464
4553
4465
4554
4466
4555
4467
4556
4468
4557
4469
4558
4470
4559
4471
4560
4472
4561
4473
4562
4474
4563
4475
4564
4476
4565
4477
4566
4478
4567
4479
4568
4480
4569
4481
4570
4482
4571
4483
4572
4484
4573
4485
4574
4486
4575
4487
4576
4488
4577
4489
4578
4490
4579
4491
4580
4492
4581
4493
4582
4494
4583
4495
4584
4496
4585
4497
4586
4498
4587
4499
4588
4500
4589
4501
4590
4502
4591
4503
4592
4504
4593
4505
4594
4506
4595
4507
4596
4508
4597
4509
4598
4510
4599
4511
4600
4512
4601
4513
4602
4514
4603
4515
4604
4516
4605
4517
4606
4518
4607
4519
4608
4520
4609
4521
4610
4522
4611
4523
4612
4524
4613
4525
4614
4526
4615
4527
4616
4528
4617
4529
4618
4530
4619
4531
4620
4532
4621
4533
4622
4534
4623
4535
4624
4536
4625
4537
4626
4538
4627
4539
4628
4540
4629
4541
4630
4542
4631
4543
4632
4633
4545
4634
4546
4635
4547
4636
4548
4637
4549
4638
4550
4639
4551
4640
4552
4641
4553
4642
4554
4643
4555
4644
4556
4645
4557
4646
4558
4647
4559
4648
4560
4649
4561
4650
4562
4651
4563
4652
4564
4653
4565
4654
4566
4655
4567
4656
4568
4657
4569
4658
4570
4659
4571
4660
4572
4661
4573
4662
4574
4663
4575
4664
4576
4665
4577
4666
4578
4667
4579
4668
4580
4669
4581
4670
4582
4671
4583
4672
4584
4673
4585
4674
4586
4675
4587
4676
4588
4677
4589
4678
4590
4679
4591
4680
4592
4681
4593
4682
4594
4683
4595
4684
4596
4685
4597
4686
4598
4687
4599
4688
4600
4689
4601
4690
4602
4691
4603
4692
4604
4693
4605
4694
4606
4695
4607
4696
4608
4697
4609
4698
4610
4699
4611
4700
4612
4701
4613
4702
4614
4703
4615
4704
4616
4705
4617
4706
4618
4707
4619
4708
4620
4709
4621
4710
4622
4711
4623
4712
4624
4713
4625
4714
4626
4715
4627
4716
4628
4717
4629
4718
4630
4719
4631
4720
4632
4721
4633
4722
4723
4635
4724
4636
4725
4637
4726
4638
4727
4639
4728
4640
4729
4641
4730
4642
4731
4643
4732
4644
4733
4645
4734
4646
4735
4647
4736
4648
4737
4649
4738
4650
4739
4651
4740
4652
4741
4653
4742
4654
4743
4655
4744
4656
4745
4657
4746
4658
4747
4659
4748
4660
4749
4661
4750
4662
4751
4663
4752
4664
4753
4665
4754
4666
4755
4667
4756
4668
4757
4669
4758
4670
4759
4671
4760
4672
4761
4673
4762
4674
4763
4675
4764
4676
4765
4677
4766
4678
4767
4679
4768
4680
4769
4681
4770
4682
4771
4683
4772
4684
4773
4685
4774
4686
4775
4687
4776
4688
4777
4689
4778
4690
4779
4691
4780
4692
4781
4693
4782
4694
4783
4695
4784
4696
4785
4697
4786
4698
4787
4699
4788
4700
4789
4701
4790
4702
4791
4703
4792
4704
4793
4705
4794
4706
4795
4707
4796
4708
4797
4709
4798
4710
4799
4711
4800
4712
4801
4713
4802
4714
4803
4715
4804
4716
4805
4717
4806
4718
4807
4719
4808
4720
4809
4721
4810
4722
4811
4723
4812
4813
4725
4814
4726
4815
4727
4816
4728
4817
4729
4818
4730
4819
4731
4820
4732
4821
4733
4822
4734
4823
4735
4824
4736
4825
4737
4826
4738
4827
4739
4828
4740
4829
4741
4830
4742
4831
4743
4832
4744
4833
4745
4834
4746
4835
4747
4836
4748
4837
4749
4838
4750
4839
4751
4840
4752
4841
4753
4842
4754
4843
4755
4844
4756
4845
4757
4846
4758
4847
4759
4848
4760
4849
4761
4850
4762
4851
4763
4852
4764
4853
4765
4854
4766
4855
4767
4856
4768
4857
4769
4858
4770
4859
4771
4860
4772
4861
4773
4862
4774
4863
4775
4864
4776
4865
4777
4866
4778
4867
4779
4868
4780
4869
4781
4870
4782
4871
4783
4872
4784
4873
4785
4874
4786
4875
4787
4876
4788
4877
4789
4878
4790
4879
4791
4880
4792
4881
4793
4882
4794
4883
4795
4884
4796
4885
4797
4886
4798
4887
4799
4888
4800
4889
4801
4890
4802
4891
4803
4892
4804
4893
4805
4894
4806
4895
4807
4896
4808
4897
4809
4898
4810
4899
4811
4900
4812
4901
4813
4902
4903
4815
4904
4816
4905
4817
4906
4818
4907
4819
4908
4820
4909
4821
4910
4822
4911
4823
4912
4824
4913
4825
4914
4826
4915
4827
4916
4828
4917
4829
4918
4830
4919
4831
4920
4832
4921
4833
4922
4834
4923
4835
4924
4836
4925
4837
4926
4838
4927
4839
4928
4840
4929
4841
4930
4842
4931
4843
4932
4844
4933
4845
4934
4846
4935
4847
4936
4848
4937
4849
4938
4850
4939
4851
4940
4852
4941
4853
4942
4854
4943
4855
4944
4856
4945
4857
4946
4858
4947
4859
4948
4860
4949
4861
4950
4862
4951
4863
4952
4864
4953
4865
4954
4866
4955
4867
4956
4868
4957
4869
4958
4870
4959
4871
4960
4872
4961
4873
4962
4874
4963
4875
4964
4876
4965
4877
4966
4878
4967
4879
4968
4880
4969
4881
4970
4882
4971
4883
4972
4884
4973
4885
4974
4886
4975
4887
4976
4888
4977
4889
4978
4890
4979
4891
4980
4892
4981
4893
4982
4894
4983
4895
4984
4896
4985
4897
4986
4898
4987
4899
4988
4900
4989
4901
4990
4902
4991
4903
4992
4993
4905
4994
4906
4995
4907
4996
4908
4997
4909
4998
4910
4999
4911
5000
4912
5001
4913
5002
4914
5003
4915
5004
4916
5005
4917
5006
4918
5007
4919
5008
4920
5009
4921
5010
4922
5011
4923
5012
4924
5013
4925
5014
4926
5015
4927
5016
4928
5017
4929
5018
4930
5019
4931
5020
4932
5021
4933
5022
4934
5023
4935
5024
4936
5025
4937
5026
4938
5027
4939
5028
4940
5029
4941
5030
4942
5031
4943
5032
4944
5033
4945
5034
4946
5035
4947
5036
4948
5037
4949
5038
4950
5039
4951
5040
4952
5041
4953
5042
4954
5043
4955
5044
4956
5045
4957
5046
4958
5047
4959
5048
4960
5049
4961
5050
4962
5051
4963
5052
4964
5053
4965
5054
4966
5055
4967
5056
4968
5057
4969
5058
4970
5059
4971
5060
4972
5061
4973
5062
4974
5063
4975
5064
4976
5065
4977
5066
4978
5067
4979
5068
4980
5069
4981
5070
4982
5071
4983
5072
4984
5073
4985
5074
4986
5075
4987
5076
4988
5077
4989
5078
4990
5079
4991
5080
4992
5081
4993
5082
5083
4995
5084
4996
5085
4997
5086
4998
5087
4999
5088
5000
5089
5001
5090
5002
5091
5003
5092
5004
5093
5005
5094
5006
5095
5007
5096
5008
5097
5009
5098
5010
5099
5011
5100
5012
5101
5013
5102
5014
5103
5015
5104
5016
5105
5017
5106
5018
5107
5019
5108
5020
5109
5021
5110
5022
5111
5023
5112
5024
5113
5025
5114
5026
5115
5027
5116
5028
5117
5029
5118
5030
5119
5031
5120
5032
5121
5033
5122
5034
5123
5035
5124
5036
5125
5037
5126
5038
5127
5039
5128
5040
5129
5041
5130
5042
5131
5043
5132
5044
5133
5045
5134
5046
5135
5047
5136
5048
5137
5049
5138
5050
5139
5051
5140
5052
5141
5053
5142
5054
5143
5055
5144
5056
5145
5057
5146
5058
5147
5059
5148
5060
5149
5061
5150
5062
5151
5063
5152
5064
5153
5065
5154
5066
5155
5067
5156
5068
5157
5069
5158
5070
5159
5071
5160
5072
5161
5073
5162
5074
5163
5075
5164
5076
5165
5077
5166
5078
5167
5079
5168
5080
5169
5081
5170
5082
5171
5083
5172
5173
5085
5174
5086
5175
5087
5176
5088
5177
5089
5178
5090
5179
5091
5180
5092
5181
5093
5182
5094
5183
5095
5184
5096
5185
5097
5186
5098
5187
5099
5188
5100
5189
5101
5190
5102
5191
5103
5192
5104
5193
5105
5194
5106
5195
5107
5196
5108
5197
5109
5198
5110
5199
5111
5200
5112
5201
5113
5202
5114
5203
5115
5204
5116
5205
5117
5206
5118
5207
5119
5208
5120
5209
5121
5210
5122
5211
5123
5212
5124
5213
5125
5214
5126
5215
5127
5216
5128
5217
5129
5218
5130
5219
5131
5220
5132
5221
5133
5222
5134
5223
5135
5224
5136
5225
5137
5226
5138
5227
5139
5228
5140
5229
5141
5230
5142
5231
5143
5232
5144
5233
5145
5234
5146
5235
5147
5236
5148
5237
5149
5238
5150
5239
5151
5240
5152
5241
5153
5242
5154
5243
5155
5244
5156
5245
5157
5246
5158
5247
5159
5248
5160
5249
5161
5250
5162
5251
5163
5252
5164
5253
5165
5254
5166
5255
5167
5256
5168
5257
5169
5258
5170
5259
5171
5260
5172
5261
5173
5262
5263
5175
5176
5177
5178
5179
5180
5181
5182
5183
5184
5185
5186
5187
5188
5189
5190
5191
5192
5193
5194
5195
5196
5197
5198
5199
5200
5201
5202
5203
5204
5205
5206
5207
5208
5209
5210
5211
5212
5213
5214
5215
5216
5217
5218
5219
5220
5221
5222
5223
5224
5225
5226
5227
5228
5229
5230
5231
5232
5233
5234
5235
5236
5237
5238
5239
5240
5241
5242
5243
5244
5245
5246
5247
5248
5249
5250
5251
5252
5253
5254
5255
5256
5257
5258
5259
5260
5261
5262
5263
)


// ************************************************************************* //
